4351,1782451220,2022552,1722419
7145,1782451247,2179627,0
4753,1782451580,8934,507321
10302,1782451634,2179605,2133112
7618,1782452044,2179943,1718081
11595,1782452471,2061432,0
7352,1782452752,1075536,0
5576,1782453021,2117706,507321
4753,1782453340,507321,8934
1730,1782453864,34,0
5224,1782454233,2175393,0
5576,1782454455,507321,2117706
3796,1782454492,934653,2179516
926,1782454531,2179885,0
8060,1782454829,689953,0
2691,1782456316,1097072,2179928
11298,1782456833,2179523,0
8757,1782456960,2092837,0
446,1782456975,507321,507321
30,1782457153,934653,2179516
2410,1782457200,156480,1314714
2410,1782457200,156480,156480
2410,1782457200,156480,156480
2410,1782457200,156480,156480
2410,1782457210,1097072,156480
2410,1782457210,1097072,1097072
4530,1782457439,934653,2179030
5576,1782457651,1099107,507321
2045,1782457845,2174799,1797983
2823,1782457980,1029569,1314714
2823,1782458014,1029569,1029569
2823,1782458017,1696964,1029569
12306,1782458137,2180085,2181034
13425,1782458178,2179828,0
10104,1782458255,2180410,0
5029,1782458855,2136214,0
2495,1782458959,1041417,0
221,1782459592,2179831,0
13149,1782459813,2048251,0
1824,1782460222,1995173,1584104
1824,1782460222,1995173,1995173
5144,1782460232,2180139,0
1824,1782460234,1584104,1995173
422,1782460313,1550947,0
2524,1782460321,1843102,2175542
1058,1782460505,2180005,2180105
6421,1782460545,2178647,967045
10539,1782460557,264488,0
1824,1782460671,1584104,1584104
7300,1782460780,31459,2141813
7300,1782460827,31459,31459
764,1782460888,2110378,0
7741,1782461205,1653036,2123292
7301,1782461957,2106805,0
7548,1782462080,2061432,0
3941,1782462342,2179975,0
916,1782462394,2022552,2175542
4292,1782462686,49616,0
13254,1782463152,1022419,0
6407,1782463572,1091882,0
476,1782463788,2180246,0
2655,1782464172,2015768,0
735,1782465484,1981490,0
492,1782465511,1982595,2179745
9917,1782465992,1227210,0
191,1782466062,2097219,0
8529,1782466087,1774259,2173766
8039,1782466803,325679,0
9182,1782466997,2127978,0
5031,1782467183,2110378,0
5493,1782467280,2179802,2179516
1824,1782467371,2117706,1584104
8706,1782467587,1169034,0
5035,1782467594,2011248,2130473
833,1782467652,2045489,0
1715,1782468112,1981490,0
6018,1782468215,1790251,2178640
3506,1782469039,2177554,0
4535,1782469482,2135867,0
2366,1782469675,2170748,0
714,1782469933,1959159,0
1968,1782470414,5795,2175542
2300,1782470634,1403863,0
2957,1782472118,933357,0
2716,1782472181,2060287,2180102
2716,1782472181,2060287,2060287
1824,1782472283,2179156,2117706
1673,1782472367,5795,2175542
1710,1782472493,247981,1584104
10173,1782472980,1888291,2180102
9312,1782473215,1833730,0
5577,1782473662,1486,2172838
11897,1782473822,5802,0
5611,1782473845,1483240,0
10505,1782473893,1577430,0
697,1782473998,49616,1845090
4019,1782474032,2091936,0
10926,1782474087,1041417,0
2378,1782474094,2055885,0
1818,1782474100,2172838,828973
4598,1782474671,2015768,0
9849,1782474709,2180410,0
8750,1782475595,2180057,0
5577,1782475830,2179802,1486
8003,1782475899,2178680,0
8003,1782475900,2178680,2178680
1673,1782476148,701464,5795
3017,1782476190,1909023,2175542
6242,1782477347,1491798,0
9360,1782477388,2092837,0
627,1782477733,929857,1608453
5506,1782478740,2126048,0
9726,1782479459,2115949,0
5493,1782479590,2179802,2179802
10878,1782479840,2048251,2180102
3586,1782479861,2180326,2175542
11789,1782480694,2083451,0
10463,1782480715,1695175,0
5969,1782481064,95264,0
8467,1782481120,2143367,987383
106,1782481363,1810477,2114981
11943,1782481847,2133216,0
7844,1782481921,2137186,0
11770,1782482261,2177554,2048251
2901,1782482484,1592344,0
4091,1782482669,933357,0
2707,1782482935,1107872,2180102
2707,1782482935,1107872,1107872
8732,1782483237,2174904,0
3386,1782483420,2180057,0
741,1782483485,2177104,0
83,1782484443,577826,0
13092,1782484571,1169034,0
4551,1782485058,35585,0
2207,1782485170,2180246,0
4921,1782485471,2013143,0
3536,1782485475,2135867,0
2404,1782485488,1099107,1344475
5677,1782485628,1403863,0
5544,1782486615,1736828,0
8951,1782486857,2144292,0
5318,1782486939,1981490,0
3089,1782487073,933357,0
8966,1782487438,689953,0
1552,1782487490,1940858,0
8134,1782487803,2137132,0
9936,1782488244,1173630,0
10254,1782488525,55497,0
9589,1782489119,1718539,0
10253,1782489286,2144474,0
10567,1782489833,2179938,0
8054,1782490299,2180057,0
7386,1782490535,2178647,2113497
9637,1782491218,2131441,0
13479,1782491326,2048251,0
5574,1782491399,2179156,1584104
5574,1782491772,2179156,2179156
5574,1782491873,1783692,2179156
5574,1782491873,1783692,1783692
7589,1782492003,1810477,2179851
7589,1782492003,1810477,1810477
11532,1782492342,2181097,0
4641,1782492344,1611699,2175542
7622,1782492405,2106805,0
4807,1782492820,2110378,0
7229,1782493066,2179943,0
5574,1782493161,1783692,1783692
9807,1782493250,153216,1502481
442,1782493286,2179943,0
804,1782493860,2179523,0
1925,1782493971,2174446,2175542
12237,1782494803,2179831,0
2968,1782494821,95264,0
9549,1782494912,2180410,0
11036,1782495046,1227210,0
9216,1782495719,2179354,0
6197,1782496661,1675808,0
9094,1782496906,2087974,2059008
13043,1782497364,1022419,0
6746,1782497508,2179831,0
4078,1782498433,848882,0
13338,1782499060,1963398,0
5680,1782499147,2022552,2175542
3169,1782499172,1606106,1474935
9919,1782499193,2144474,0
5284,1782499487,2181459,2001043
2312,1782499746,1849850,0
8049,1782499867,848882,2180102
10205,1782499879,2180063,0
1412,1782500142,1936831,0
5314,1782500205,848882,0
4180,1782500493,1075536,0
9932,1782500787,1178523,0
9569,1782501094,2013143,0
146,1782501163,34,0
3719,1782501419,1675808,0
2792,1782501456,2136658,0
754,1782502092,1888291,2123065
4098,1782502122,2010115,0
5054,1782502401,2179606,0
7916,1782502738,2180410,0
2380,1782502774,2179868,1099107
8378,1782503108,2179954,0
10592,1782503198,2109652,0
8483,1782503263,2180057,0
5836,1782503331,2110378,0
7148,1782503529,689953,0
6612,1782503721,804111,2123292
3818,1782503784,2179466,0
7634,1782503833,975475,2123292
1232,1782504141,2055885,0
1232,1782504141,2055885,2055885
3767,1782504204,2015768,0
11817,1782504291,2179954,0
5327,1782504572,2180057,0
8683,1782504700,47967,2141813
4724,1782504741,2045489,0
5916,1782504839,1415810,828973
5916,1782504839,1415810,1415810
5916,1782504840,2172838,1415810
7624,1782505479,2179627,1821118
7316,1782505697,2179957,0
7709,1782506403,2126119,0
5282,1782506885,2143932,1845090
887,1782507055,54,2027527
13383,1782507175,2028170,0
4123,1782507324,1424124,1344475
9328,1782507485,2179438,0
969,1782507714,2181289,1941136
4123,1782507779,1424124,1424124
4123,1782507780,828973,1424124
6230,1782508205,2179636,0
182,1782508278,2136214,0
10128,1782508307,2180410,0
5911,1782508396,2180057,0
5357,1782508550,2179802,2179516
10388,1782508603,1299883,0
7451,1782508892,2013143,0
2749,1782508933,2110410,2114981
2749,1782508933,2110410,2110410
5284,1782509053,1097072,2181459
11205,1782509066,1611988,0
11342,1782509097,1498879,0
9079,1782509171,1998599,2180284
9173,1782509612,1178523,0
4673,1782510003,2180057,0
2691,1782510323,247981,1097072
5918,1782510378,2180057,0
6400,1782510424,1911553,1592779
10979,1782510558,2144474,0
433,1782511033,189413,0
9785,1782512259,2124403,0
7287,1782512598,2178647,2113497
1248,1782512751,7269,0
9422,1782513002,2081698,0
9533,1782513112,2124403,0
2654,1782513452,2110378,0
5996,1782513529,2110378,0
5357,1782514274,2179516,2179802
404,1782514370,1403863,0
3453,1782514828,1403863,0
7618,1782514889,2179966,2179943
10417,1782515047,1736828,1845090
4102,1782515345,2045489,0
509,1782515986,2173851,2175542
3400,1782515998,1982595,2179745
969,1782517056,2181289,2181289
8547,1782517059,2179957,0
4650,1782517520,1854568,0
4650,1782517520,1854568,1854568
969,1782517523,373602,2181289
969,1782517523,2181289,373602
7196,1782517742,1810477,2179851
5849,1782517815,1736828,0
7834,1782518237,2124403,0
4856,1782518637,2179606,0
4067,1782518907,2177105,0
969,1782518980,1193040,2181289
3923,1782519035,2179868,0
31,1782519412,2177105,0
1989,1782519487,1393257,1989696
5680,1782519798,2173851,2022552
4691,1782520114,202091,0
2993,1782520371,933357,0
5357,1782520476,2179802,2179516
604,1782520569,1722419,1097072
5683,1782520593,1936831,0
969,1782520688,2181289,1193040
8,1782521051,2112320,0
6767,1782522143,1695345,0
7661,1782522408,2179943,2174472
9746,1782522419,2179605,0
4595,1782522770,1880702,1845090
9769,1782522918,1974873,1652831
13440,1782523083,1734443,0
6992,1782523294,2180485,0
12699,1782523425,2179523,0
969,1782523654,2172838,2181289
3134,1782525227,933357,0
2270,1782525377,1747712,0
3859,1782525418,2179831,0
6207,1782525666,2100260,0
3125,1782525909,1936831,0
10555,1782526493,1227210,0
10653,1782526890,2179605,0
6497,1782527427,2179636,0
1978,1782528027,10553,0
13134,1782528599,2179828,0
4484,1782528850,2055885,0
12717,1782528997,2077224,0
639,1782529360,2177975,1097072
3609,1782530021,2179510,0
7141,1782530215,1265225,0
12271,1782530511,1951772,2125887
10506,1782530636,2179605,2133112
4251,1782530767,2176008,2034053
2812,1782531205,2100260,2178647
13293,1782531437,2132363,0
2037,1782532069,2179996,0
12753,1782532456,1022419,0
11564,1782532733,2181097,0
3612,1782532913,2180057,0
690,1782532990,2180246,0
5186,1782533323,2179969,0
9680,1782533738,2179605,0