94,34,2297192
33,54,3901910
779,58,156
246,190,932747
403,266,306871
192,644,1254272
630,645,27899
724,760,3131
438,813,215273
364,1031,428121
123,1486,1835267
548,1488,79541
30,1560,3984929
530,1659,91767
459,1871,177681
606,1924,37993
507,2104,119706
645,2426,20037
545,2466,79955
340,2869,516572
332,3138,563030
454,3257,184269
490,3769,136316
311,5112,629028
357,5206,439462
60,5795,2879638
568,5802,62691
416,6210,273984
270,7269,831265
448,7365,194566
202,8016,1218066
654,8182,18988
118,8934,1864557
563,9148,64279
588,9312,47520
315,10553,616833
674,10764,13689
651,11280,19159
210,14895,1183699
728,20146,2936
754,22529,1010
621,28228,30286
664,31243,17248
164,31459,1408305
291,35585,727432
205,38188,1209199
229,47967,1036744
343,49616,501696
81,55497,2506323
748,58485,1410
722,66230,3409
759,69545,789
16,70135,5255625
653,70178,19056
761,75864,748
124,80863,1783359
381,83966,375654
114,87568,1998970
750,89126,1202
70,95264,2730834
782,97846,142
702,119743,7554
637,123364,23177
765,128703,585
634,130784,24567
157,137431,1448830
339,141108,525364
433,144527,233252
20,145122,4820886
635,149078,24283
620,149302,31129
456,150754,183475
268,153216,837090
125,156480,1770949
506,182449,121202
733,184307,2345
300,186634,676568
74,189413,2660542
197,193545,1238802
526,201700,92958
241,202091,955269
165,202835,1402266
116,222751,1901926
729,238040,2715
36,240304,3707448
571,247494,57455
127,247981,1765534
786,252330,86
447,253428,196437
598,262910,40974
178,264488,1332927
746,265281,1431
513,266664,111954
455,267903,183693
133,278359,1701354
625,294778,29493
121,302869,1853186
565,311533,63523
640,312708,21910
583,316717,49851
678,319658,12667
648,321281,19661
220,325679,1086938
7,327309,6046260
154,347247,1495858
100,371560,2173288
92,373602,2303640
135,384620,1685921
475,389855,156782
541,391222,82945
420,414455,268764
539,443007,83331
457,449420,181979
687,460649,10100
76,492721,2589744
140,506610,1639462
50,507321,3259995
680,531777,11869
232,537774,1016212
672,550454,14972
80,553065,2508972
553,572504,73697
623,577826,29891
549,629297,77381
478,663520,154735
426,665308,255705
605,666419,38229
777,685863,217
351,689953,469077
492,693730,135956
299,701464,678510
709,708726,4943
736,719468,2006
254,724297,886050
354,740471,448099
334,748151,559755
162,754062,1435359
555,757963,72823
787,764820,58
501,769012,127496
221,781658,1081396
704,783798,7428
581,786529,50819
288,804111,752651
66,828252,2822763
37,828973,3678888
256,835134,872286
282,837378,784695
533,843253,88935
71,848882,2691123
233,862424,993335
257,862456,869890
476,865857,155440
280,866900,789487
551,875478,76079
176,904592,1350575
697,911726,8895
542,912352,82265
710,912799,4842
236,929857,973667
57,933357,3094392
63,934653,2839448
207,940005,1187814
180,944051,1318031
766,949693,583
615,951401,32487
661,965211,18024
395,967045,324172
781,970286,150
104,975475,2139743
578,978034,53970
576,992825,54595
326,1009265,570655
646,1013969,19855
379,1021247,390663
255,1022419,883952
668,1028035,15729
56,1029569,3163140
679,1040712,11969
146,1041417,1523923
520,1043263,103531
143,1050151,1591128
234,1075536,992896
152,1091882,1505100
745,1096810,1432
89,1097072,2345778
5,1099107,6549220
600,1105744,40870
95,1107872,2240286
161,1132628,1436414
329,1139497,566404
699,1146818,8672
314,1152489,618252
73,1169034,2664615
670,1172964,15594
498,1173630,133915
216,1178523,1108225
594,1184145,43465
487,1186212,141288
82,1193040,2475639
389,1201926,345277
652,1203157,19067
593,1216380,44036
276,1227210,807339
101,1229744,2172887
214,1233834,1135414
19,1265225,4864643
624,1267847,29826
308,1280418,655261
110,1299883,2029012
279,1310137,792605
306,1314714,659241
633,1317137,25420
215,1320170,1124725
352,1321682,455571
711,1325175,4546
407,1344475,299490
394,1344786,325855
414,1351573,277968
88,1390210,2357985
333,1393257,562333
46,1403863,3390624
595,1405084,42794
260,1406307,856208
762,1415537,698
21,1415810,4791683
770,1419343,337
42,1420391,3444358
523,1423677,101122
659,1434418,18080
611,1435337,34604
529,1445467,91882
155,1451906,1491990
751,1456897,1154
731,1466469,2386
716,1470110,4378
755,1472448,929
365,1474935,424769
489,1476356,140284
703,1479932,7529
107,1483240,2063209
472,1490419,162320
269,1491798,836522
13,1498879,5315643
292,1499631,721717
677,1501353,12807
428,1514905,252882
479,1515545,152995
212,1516949,1168971
75,1531809,2625246
597,1543507,41487
391,1546340,334306
224,1549959,1071298
649,1550162,19575
421,1550750,267781
265,1550947,846888
415,1552275,274626
631,1563960,26750
345,1564927,498627
97,1577430,2204298
131,1577451,1712477
737,1579889,1892
55,1584104,3165416
278,1589949,795519
84,1592344,2448915
138,1592617,1665968
294,1592779,713099
780,1595726,152
193,1597818,1249017
590,1598619,46640
509,1600593,116225
503,1606078,125214
136,1606106,1684622
35,1611699,3739402
218,1611988,1096747
182,1617877,1298282
460,1618145,177004
572,1619606,56967
774,1620497,286
558,1624952,67624
338,1629978,532202
417,1630663,273412
199,1638669,1230785
469,1639790,165403
525,1645211,96554
204,1651308,1210775
657,1652831,18642
172,1653036,1373972
293,1660298,721284
510,1669627,115324
466,1673222,170772
213,1675808,1165380
775,1677446,228
322,1679592,581237
170,1679961,1375331
488,1682534,140876
450,1682674,191092
727,1691091,2975
227,1695175,1046134
385,1695345,360431
117,1696964,1893660
367,1700496,422592
619,1701153,31181
544,1707975,80455
495,1712127,135278
388,1718081,348894
65,1718539,2828109
617,1721928,32225
41,1722419,3465578
626,1723176,28683
244,1724130,937830
443,1727458,206635
398,1727699,318468
145,1731373,1528355
482,1734443,150264
317,1736828,600954
662,1737351,17948
335,1745999,554959
464,1747627,172854
290,1747712,737333
263,1748648,849866
366,1749417,422702
248,1749444,924801
373,1762371,405711
126,1762817,1767241
560,1766388,66621
166,1774259,1393987
29,1783692,4029787
738,1784555,1871
12,1790251,5639058
756,1796437,912
122,1810477,1848734
284,1813386,772728
550,1819308,76491
618,1820634,32124
119,1820940,1864130
238,1827900,968705
43,1833730,3430395
109,1843102,2045332
684,1847446,10294
413,1849850,281044
567,1851914,62831
158,1854568,1446911
383,1855507,370086
153,1856794,1504337
515,1858260,110492
44,1863997,3429205
519,1878804,104068
601,1880635,40003
312,1880702,624746
167,1886945,1393689
112,1888291,2009026
696,1891510,9076
235,1893225,979408
387,1894149,351780
676,1895629,13585
483,1896176,147723
647,1897377,19689
752,1897998,1141
566,1908624,63257
128,1909023,1750982
690,1910557,9589
120,1911553,1860395
191,1915106,1260184
734,1918747,2339
609,1921203,37026
6,1922514,6410193
440,1922589,211174
790,1933907,28
40,1936831,3513746
27,1938559,4202228
432,1939848,235310
289,1940858,751213
217,1941136,1106904
321,1942526,582869
467,1943660,170754
528,1946545,92538
196,1946933,1239914
177,1951509,1343438
369,1951772,418277
301,1958617,676097
397,1959710,319006
458,1960055,177841
375,1963398,399537
310,1964159,642178
264,1964787,847581
380,1968000,377842
698,1969642,8861
370,1969944,411473
784,1970276,128
730,1970463,2445
749,1970708,1230
552,1974873,74132
151,1979860,1511104
408,1980085,297761
368,1980091,421160
325,1980128,573823
67,1981490,2805472
52,1982595,3237539
603,1986226,39125
377,1986910,396139
386,1986927,352588
208,1987940,1185917
201,1992450,1221987
418,1993684,272809
404,1994330,305346
671,1994337,15114
346,1994769,490917
471,1994940,162986
48,1995172,3294965
108,1995173,2056629
69,1996908,2780393
86,1998540,2409230
132,1998599,1703902
363,2000812,428704
427,2001043,254179
412,2002238,281608
209,2004903,1185471
349,2005475,476282
358,2008454,438605
392,2010115,333451
382,2011248,373230
461,2011559,175030
251,2013143,906036
187,2013205,1280563
574,2014236,56503
283,2015768,779709
243,2020623,942470
4,2022552,7021778
45,2025956,3422334
98,2027527,2191406
156,2028170,1452613
627,2029109,28523
767,2030151,458
656,2030558,18658
85,2030750,2443424
540,2031095,83090
429,2032066,245285
444,2033445,206276
717,2034910,4343
160,2034967,1440048
183,2036604,1297868
22,2036967,4790658
436,2041768,218780
309,2042518,648909
323,2043077,581104
376,2045479,399380
273,2045489,811010
240,2045759,962882
150,2048251,1513242
341,2053673,512118
359,2054225,437584
636,2054684,23689
691,2055242,9551
582,2055445,49975
423,2055885,262990
410,2057827,284130
477,2059008,155296
115,2059063,1996410
719,2060223,3634
68,2060287,2798635
2,2061432,9744352
305,2062192,663282
580,2062753,52189
547,2068969,79624
534,2070356,88869
791,2070424,26
776,2070562,228
266,2070871,843446
249,2072050,921581
688,2072440,9658
570,2072629,61537
79,2073786,2534907
105,2074692,2120099
639,2074914,22006
252,2075467,892428
607,2075590,37127
38,2077224,3598808
424,2078371,261012
327,2080079,569358
186,2080999,1288499
500,2081223,130736
524,2081698,99897
78,2083451,2536452
159,2083507,1445685
557,2083572,67782
508,2083626,117545
149,2083788,1516490
374,2084142,402578
64,2084332,2831041
532,2087044,90161
681,2087047,11647
422,2087974,266228
362,2088603,430725
442,2088720,208297
504,2090629,124796
453,2090921,188588
190,2090977,1271497
666,2091224,15951
31,2091936,3947037
134,2091948,1697251
96,2092837,2211002
778,2093572,189
614,2095032,32538
612,2095168,34064
747,2096365,1425
319,2097219,593225
168,2097777,1383522
470,2098302,165333
330,2098838,565454
228,2098940,1042265
99,2100260,2185836
49,2102310,3274919
211,2102750,1183348
463,2103338,174214
744,2105233,1434
512,2106421,112719
643,2106685,21028
302,2106805,671425
723,2108717,3233
431,2109652,239592
641,2109916,21173
712,2110005,4511
15,2110378,5261764
106,2110410,2067444
336,2110769,551625
425,2111998,260708
253,2112320,887190
17,2112596,5120976
638,2113353,22446
795,2113993,8
473,2114730,157577
14,2114981,5280172
518,2115680,106131
147,2115949,1523705
599,2116252,40891
794,2116604,14
303,2116739,670790
435,2117033,223815
726,2117545,3108
223,2117706,1075102
200,2118135,1227943
536,2118197,86395
682,2118605,11035
480,2119727,150677
320,2120164,592193
399,2120943,317017
720,2120986,3599
468,2121004,170220
713,2121243,4506
113,2122269,2003265
527,2123065,92866
575,2124115,55368
184,2124403,1296658
72,2124681,2672873
685,2125883,10231
792,2125887,20
274,2126048,810082
189,2126119,1275213
298,2126990,678818
465,2127518,171492
715,2127652,4395
1,2127978,10184067
24,2129190,4660891
783,2129677,132
203,2130313,1211226
693,2130355,9396
496,2130473,134442
669,2131314,15639
439,2131441,211206
484,2131628,147606
538,2131767,84978
23,2132363,4717087
318,2133112,600271
47,2133216,3295670
516,2133518,109339
632,2135237,26270
628,2135634,28425
347,2135867,488260
474,2135878,157235
771,2135937,337
642,2135995,21116
610,2136021,35221
169,2136214,1382115
569,2136272,62098
579,2136273,52745
658,2136594,18119
406,2136658,303910
616,2136708,32237
449,2137132,191169
517,2137186,106588
629,2137449,28128
546,2138682,79876
174,2139142,1361851
673,2139741,13930
675,2139794,13624
763,2139905,653
535,2140980,88323
537,2141578,86279
705,2141761,6678
348,2141920,481086
259,2142037,858679
396,2142088,323955
83,2142229,2473217
206,2142247,1191885
430,2142309,243059
591,2142802,45834
261,2143367,854031
239,2143932,963601
87,2144292,2385132
9,2144474,5994982
91,2145267,2311868
372,2145316,408878
708,2145441,6067
328,2145561,569226
250,2145582,910255
185,2170746,1295572
188,2170748,1280240
307,2170937,657380
497,2171434,134316
793,2171866,16
511,2171983,114663
411,2172216,282773
481,2172610,150631
51,2172761,3259697
61,2172838,2876107
701,2173040,8138
743,2173071,1461
758,2173272,883
494,2173364,135532
441,2173736,211174
225,2173766,1061380
378,2173804,392857
59,2173851,3009312
287,2173871,752822
171,2174202,1374037
296,2174446,703753
313,2174472,620274
356,2174799,443796
337,2174904,540542
360,2174905,435291
344,2174932,501176
445,2175064,203692
667,2175100,15940
655,2175162,18863
281,2175174,786170
331,2175236,564415
304,2175357,670362
592,2175393,44879
462,2175542,174542
271,2175570,821111
34,2175666,3757193
401,2175784,310287
695,2175878,9079
355,2176008,448090
384,2176348,368963
650,2176379,19247
714,2176425,4402
760,2176564,752
554,2176588,73100
247,2176589,932121
587,2176643,47741
521,2176707,102052
446,2176735,201737
608,2176830,37102
586,2176997,48083
573,2177055,56579
486,2177102,145126
485,2177104,146093
451,2177105,191082
559,2177122,67596
644,2177144,20664
689,2177166,9599
130,2177352,1744479
514,2177379,111822
28,2177554,4083989
493,2177616,135590
452,2177662,188824
585,2177773,48118
562,2177829,65368
707,2177914,6572
237,2177975,973548
725,2178352,3118
556,2178447,68418
785,2178491,89
353,2178628,454786
11,2178647,5772973
499,2178659,133636
137,2178669,1682509
393,2178680,328210
741,2178763,1545
173,2178785,1367679
286,2179029,758600
342,2179030,508049
683,2179037,10763
561,2179045,65497
129,2179156,1744562
267,2179354,839858
660,2179399,18070
721,2179433,3545
694,2179436,9321
409,2179438,288507
295,2179465,707569
231,2179466,1017028
371,2179488,409561
62,2179510,2861221
90,2179516,2317684
10,2179523,5858749
604,2179557,38753
390,2179564,336630
139,2179568,1643511
111,2179605,2025184
142,2179606,1633407
663,2179612,17251
195,2179627,1240721
316,2179636,614068
163,2179684,1410767
405,2179685,305167
258,2179687,866063
419,2179769,271798
706,2179784,6601
350,2179786,474179
39,2179802,3533830
531,2179807,91538
54,2179827,3195047
277,2179828,805134
18,2179831,4890051
226,2179838,1053036
141,2179847,1636360
102,2179868,2150491
26,2179870,4229188
242,2179875,942637
230,2179885,1032246
272,2179928,816981
596,2179936,42344
25,2179938,4542835
103,2179943,2140134
53,2179954,3201233
175,2179957,1359992
275,2179966,809301
543,2179969,80866
324,2179975,579466
361,2179986,432379
602,2179989,39280
93,2179996,2303143
3,2180005,9477407
769,2180019,424
735,2180039,2140
58,2180057,3012636
285,2180062,771730
194,2180063,1241762
32,2180085,3943709
77,2180105,2577857
245,2180112,937811
739,2180125,1837
179,2180133,1323615
198,2180139,1237229
491,2180160,136140
502,2180194,127014
400,2180201,314556
219,2180211,1090163
144,2180246,1567383
181,2180249,1308090
402,2180253,308633
796,2180271,2
222,2180326,1078529
297,2180333,695546
700,2180342,8380
622,2180358,30095
434,2180367,232099
8,2180410,6036588
757,2180620,900
686,2180626,10229
505,2180632,124214
768,2180642,433
718,2180749,3826
764,2180768,598
788,2180824,58
564,2180829,64171
522,2180938,101266
589,2180980,46918
692,2181075,9540
148,2181097,1516567
613,2181102,32616
577,2181199,54526
742,2181209,1523
665,2181217,15963
789,2181225,56
732,2181249,2367
262,2181289,850219
773,2181338,286
437,2181345,216623
584,2181459,49713
772,2181534,315
753,2181640,1032
740,2181733,1683
