528,34,12770
998,54,1365
99,190,160029
246,214,64300
1065,266,825
687,644,6279
481,645,15804
918,760,1924
103,813,156239
348,1031,34594
1130,1410,407
717,1486,5475
326,1488,39792
283,1560,51224
1056,1659,858
89,1871,175004
1182,1924,132
107,1966,154095
745,2104,4702
690,2426,6242
450,2434,19151
541,2466,12433
1072,2770,787
255,2869,59997
863,3138,2574
680,3257,6551
774,3769,4159
561,5112,11191
737,5206,4802
723,5331,5316
483,5515,15626
5,5795,958428
807,5802,3569
641,6210,7964
848,7269,2822
1161,7365,250
978,7705,1498
820,8016,3128
501,8182,14674
457,8934,18431
262,9148,56646
836,9312,2969
637,10553,8010
734,10764,4998
488,11280,15515
113,13667,146274
526,14895,12860
942,20146,1757
1131,22529,403
281,24249,52329
714,28228,5571
351,28243,34094
1071,30277,798
947,31243,1716
824,31459,3100
785,35585,3920
551,38188,11818
167,44547,96474
784,47967,3928
565,49616,10867
798,51952,3760
823,55497,3103
1211,58485,13
205,59770,79602
1190,66230,92
1074,69545,783
317,70135,41838
1078,75864,748
382,80863,28414
1046,83966,921
157,87568,99948
405,89324,24300
660,93560,7122
651,95264,7521
1177,97846,142
433,116702,20868
1150,119743,297
439,123364,20247
1144,128703,336
1137,130784,379
529,131896,12755
1041,135042,943
819,137431,3158
191,137981,85952
42,141108,353288
63,144527,232892
50,145122,299340
990,149078,1423
448,149167,19449
410,149302,23578
953,150754,1678
1040,153216,957
159,153739,99682
116,156480,141829
312,181435,42821
204,182449,79700
831,183902,3065
973,184307,1557
80,186634,187291
866,189413,2512
604,193545,9206
383,195838,28402
808,201700,3562
67,202091,224766
435,202835,20626
1206,214030,32
713,218984,5583
3,222751,1018277
297,235517,46636
1221,238040,8
20,240304,499586
285,247494,50953
357,247981,32595
1064,253428,834
614,255924,8809
522,262910,12947
667,264488,6891
956,265478,1661
339,266664,37066
98,267903,160523
48,277740,317549
393,278359,27056
1191,285536,92
1002,286637,1348
1038,294778,960
768,301920,4278
547,302869,12014
331,311533,39045
447,312708,19454
1080,316717,704
1121,319658,466
574,321281,10232
55,325679,260890
438,327309,20450
934,347247,1807
284,355278,50980
353,358738,33477
220,371560,72120
328,372729,39489
38,373602,372996
1122,382814,465
642,384620,7912
108,389855,150428
1034,391222,1014
1139,414455,361
1063,435027,835
218,443007,74172
236,449420,67393
694,460649,6027
1014,480392,1167
156,492721,100393
482,503991,15740
494,506610,15151
203,507321,80013
603,531777,9248
1141,537774,342
806,550454,3588
169,553065,95612
1224,557517,4
247,572504,64005
476,577826,16740
425,584939,22054
211,629297,76727
1030,663520,1058
945,665308,1727
334,666419,38043
299,669607,46063
278,684733,53409
1166,685863,217
399,689953,25887
983,693730,1465
361,699115,32227
811,701464,3404
838,705344,2935
1127,707476,413
926,708726,1858
1209,719468,16
1026,723981,1085
321,724297,40836
711,740471,5600
49,748151,317158
6,754062,891873
790,757963,3837
1201,764820,58
1090,769012,637
388,771498,27887
185,776487,89192
213,780494,76251
870,781658,2488
702,783798,5745
899,786529,2172
1036,792083,976
539,804111,12528
559,804327,11242
355,813939,32702
601,821730,9332
442,828252,19764
21,828973,487138
109,835134,149597
903,837378,2146
421,842480,22222
682,843253,6476
652,848882,7493
53,854506,267012
1170,860124,207
576,862424,10097
456,862456,18648
158,865857,99935
217,866900,74176
920,875478,1907
214,881417,74950
243,891173,65948
837,904592,2965
812,911726,3368
977,912352,1504
795,912799,3785
772,925391,4231
766,929242,4287
622,929857,8494
316,932000,41969
377,933357,29822
280,934653,52792
872,940005,2448
777,943792,4023
557,944051,11337
338,946962,37155
1096,949693,583
359,951401,32487
356,956254,32697
814,965211,3306
414,967045,23045
1197,970286,68
974,975475,1552
275,978034,53730
224,985782,71329
141,986252,112302
1067,987383,806
1015,992825,1164
413,999986,23205
1066,1001089,810
273,1007629,53974
994,1009265,1398
509,1013969,13336
760,1021247,4457
906,1022419,2116
274,1024499,53899
688,1028035,6257
707,1029569,5693
1109,1030385,557
896,1040712,2193
840,1041417,2905
897,1043263,2189
628,1050151,8333
632,1051979,8076
513,1063743,13142
999,1066559,1362
1159,1068650,256
928,1075536,1851
1000,1091882,1360
988,1096810,1432
36,1097072,373644
7,1099107,764742
1184,1099990,124
1023,1105744,1129
511,1107872,13231
1212,1124356,13
803,1132628,3622
244,1137797,65456
982,1139497,1467
744,1146818,4719
479,1152489,16183
695,1158969,5997
94,1169034,170178
486,1172964,15594
553,1173630,11736
411,1173925,23397
875,1178523,2415
992,1184145,1403
612,1186212,8813
756,1193040,4516
653,1201926,7473
669,1203157,6839
343,1205961,35776
865,1216380,2536
266,1222792,56137
307,1224118,43428
249,1227210,63050
437,1229744,20527
902,1233834,2163
1099,1245922,579
384,1259861,28334
87,1265225,180871
477,1267847,16638
954,1280418,1674
134,1294772,118034
441,1299883,19805
1044,1310137,930
505,1314714,14174
458,1317137,18421
242,1320170,66031
252,1321682,61275
1231,1323047,1
780,1325175,3995
1005,1329012,1262
303,1329291,45119
315,1344475,42325
172,1344786,94909
1007,1351573,1229
1214,1367441,12
520,1390210,12952
939,1393257,1777
1033,1403863,1038
684,1406307,6439
1091,1408290,632
1082,1415537,698
29,1415810,411936
1145,1419343,331
92,1420391,171629
1146,1423677,320
9,1424124,709944
592,1434418,9547
1198,1435337,68
291,1445467,48196
138,1449560,114108
144,1451906,110313
1093,1456897,628
91,1462272,172666
879,1466469,2386
402,1468499,25651
765,1470110,4302
617,1470132,8745
830,1471835,3067
147,1474935,108299
1028,1476356,1068
650,1479932,7528
309,1483240,43073
175,1485683,93243
181,1490419,89906
856,1491798,2655
613,1498879,8813
239,1499631,66288
742,1501353,4727
129,1502481,123675
1148,1514905,317
380,1515545,29448
245,1516949,64825
671,1517013,6809
120,1523929,137649
793,1531809,3795
375,1541800,29990
420,1543507,22338
240,1545062,66128
68,1546340,221294
860,1549959,2615
530,1550162,12751
1138,1550406,363
409,1550750,23644
417,1550947,22417
852,1552275,2703
88,1555525,179109
1022,1563960,1134
1179,1564288,139
508,1564927,13422
729,1565448,5118
345,1566793,35175
354,1573465,32776
455,1577430,18705
640,1577451,7973
871,1578844,2467
1215,1578846,12
948,1579889,1701
232,1580222,68623
58,1584104,253806
767,1585792,4280
991,1586763,1420
465,1587053,17806
1175,1589949,156
467,1592344,17592
73,1592617,199627
854,1592779,2667
971,1593279,1571
289,1594692,48926
1052,1597818,883
985,1598619,1448
616,1600593,8753
189,1606078,86422
100,1606106,159917
730,1608453,5083
136,1611699,116301
822,1611988,3117
645,1615059,7769
876,1617877,2413
847,1618145,2844
976,1619606,1511
1169,1620497,209
524,1624952,12917
123,1628375,132812
627,1629978,8342
238,1630138,66877
764,1630663,4368
318,1633426,41381
56,1638669,259689
279,1639790,53242
932,1643481,1820
712,1645211,5600
596,1651308,9500
1134,1652831,396
74,1653036,199244
1149,1657441,302
1087,1660298,661
910,1669627,2101
125,1673222,129856
1003,1675808,1290
568,1678679,10608
174,1679592,93980
96,1679961,167902
517,1682534,13088
137,1682674,116288
117,1687264,140831
1132,1687454,403
850,1691091,2725
889,1695175,2257
904,1695345,2128
516,1696964,13098
732,1700496,5047
901,1701153,2166
639,1701431,7976
235,1707975,67871
115,1709291,143860
1117,1712127,515
498,1715991,14893
915,1718081,2000
724,1718539,5313
131,1720363,121416
366,1721928,31544
692,1722025,6131
105,1722419,154246
395,1723176,26853
95,1724130,168861
607,1726664,9005
302,1726840,45336
102,1727458,156794
740,1727699,4736
718,1731373,5454
148,1734443,107480
959,1736828,1649
464,1737351,17818
548,1745999,11996
206,1746335,79096
259,1747627,57345
727,1747712,5222
398,1748648,26074
127,1749417,125535
368,1749444,31288
1112,1750156,545
358,1751219,32574
647,1753769,7730
403,1757509,25538
536,1762371,12604
70,1762817,213118
1009,1766388,1227
930,1772694,1825
884,1774259,2330
427,1783692,21800
1088,1784555,659
699,1786798,5791
575,1790251,10098
229,1791783,69356
31,1793379,398944
1062,1796437,838
827,1797983,3087
1079,1799033,722
583,1806454,9870
170,1810477,95596
459,1813386,18396
1049,1815147,897
474,1819308,16800
449,1820634,19277
130,1820940,123339
809,1821118,3539
801,1827900,3634
1154,1828101,276
22,1828777,467425
330,1833730,39343
124,1836199,130471
491,1843102,15485
677,1844986,6607
1114,1845090,533
582,1847446,9888
554,1849709,11665
573,1849850,10304
295,1851914,47288
1050,1854568,893
535,1854680,12656
337,1855507,37215
626,1856794,8386
623,1858260,8469
350,1863997,34101
90,1864618,173162
1051,1878804,884
1042,1880635,943
799,1880702,3714
385,1886945,28136
1174,1887462,170
510,1888291,13281
1084,1891510,668
52,1893225,279833
1018,1894149,1150
968,1895629,1577
593,1896176,9547
833,1897377,3037
1020,1897998,1141
773,1899245,4222
267,1908624,55680
514,1909023,13129
1195,1909540,78
588,1910557,9589
940,1911553,1775
890,1912482,2236
154,1913726,102075
655,1915106,7278
913,1918747,2052
600,1920606,9338
1123,1920698,452
373,1921203,30068
13,1922514,648562
905,1922589,2117
454,1929924,18719
1207,1933907,28
1039,1936831,959
770,1938559,4250
1202,1939492,52
1142,1939848,340
1073,1940858,786
290,1941136,48901
849,1941652,2758
28,1942526,429022
656,1943660,7274
341,1944431,36358
180,1945137,90060
184,1946545,89344
177,1946933,91307
761,1951509,4404
45,1951772,340215
716,1952754,5476
82,1958184,185641
525,1958617,12879
44,1959159,342690
733,1959710,5028
336,1960055,37351
1153,1961278,281
585,1963398,9734
984,1964159,1453
995,1964787,1376
1228,1967572,2
369,1968000,30904
797,1969642,3763
1068,1969944,804
1085,1970708,666
1192,1972825,91
1017,1974873,1157
480,1979860,16144
222,1980085,71816
608,1980091,8966
951,1980128,1688
19,1980850,499796
327,1981490,39693
703,1982595,5736
880,1983645,2377
1203,1985572,46
657,1985825,7248
1180,1986226,138
828,1986910,3084
323,1986927,40149
894,1987940,2201
964,1989696,1592
487,1989749,15563
1031,1990980,1042
313,1992450,42553
111,1992690,147758
320,1992988,40876
815,1993684,3269
537,1994330,12584
589,1994337,9566
567,1994769,10635
164,1994940,97016
219,1995172,73134
153,1995173,102783
8,1995834,748047
93,1996908,171225
79,1998540,187676
378,1998599,29807
444,2000376,19570
65,2000812,228514
937,2001043,1784
1089,2002238,646
199,2002702,81546
927,2004903,1854
1001,2005475,1353
1035,2007265,998
367,2008454,31400
944,2010115,1732
933,2011248,1820
104,2011559,154649
196,2013143,82897
332,2013205,38368
726,2014236,5252
265,2014620,56324
895,2015768,2198
1133,2017869,400
686,2020623,6315
81,2022552,186879
552,2025180,11794
1181,2025513,136
708,2025956,5690
306,2027527,44030
489,2028015,15496
142,2028170,110823
997,2029109,1367
1168,2030151,214
518,2030558,13075
30,2030750,408604
925,2031095,1863
864,2031860,2574
445,2032066,19518
1156,2032716,260
1155,2033445,262
672,2034053,6780
909,2034910,2104
254,2034967,60984
85,2036604,181905
416,2036967,22418
949,2038033,1695
1055,2038075,863
198,2041768,81696
542,2042518,12427
408,2042623,23656
835,2043077,2979
151,2044485,106308
1172,2045479,195
752,2045489,4591
43,2045759,348045
197,2048251,82198
878,2048893,2400
957,2049226,1657
620,2053673,8520
753,2054225,4571
1057,2054684,858
618,2055242,8711
329,2055243,39404
300,2055445,46022
919,2055885,1924
1135,2055973,392
335,2057827,38028
37,2058154,373392
805,2059008,3592
386,2059063,28117
802,2060223,3634
1011,2060287,1201
51,2061432,291667
241,2062177,66070
731,2062192,5079
287,2062753,50560
363,2062776,32217
792,2063295,3803
867,2063906,2511
319,2068969,40980
468,2070095,17121
187,2070356,88297
1208,2070424,26
1165,2070562,220
342,2070726,36041
1136,2070871,380
738,2071214,4762
1227,2071342,3
112,2072047,147226
46,2072050,339473
658,2072440,7236
258,2072629,58528
967,2073439,1578
719,2073786,5433
412,2074692,23233
492,2074914,15279
406,2075467,24034
347,2075590,35128
736,2075711,4836
1006,2076842,1262
1173,2077196,190
346,2077224,35140
1047,2077773,913
715,2078371,5541
374,2078984,30059
917,2079653,1956
178,2080079,91128
394,2080999,26999
453,2081223,18749
507,2081698,13739
594,2081910,9537
869,2082708,2497
231,2083232,69033
40,2083451,372865
143,2083507,110649
471,2083572,16909
194,2083626,84499
432,2083788,20911
223,2083885,71451
862,2084142,2597
166,2084332,96851
1043,2084797,933
150,2085111,106492
549,2087044,11955
1216,2087047,12
661,2087974,7062
168,2088292,95955
462,2088545,17931
292,2088603,48123
634,2088720,8061
216,2090629,74488
126,2090921,127644
215,2090977,74734
545,2091224,12143
140,2091936,112964
340,2091946,36686
23,2091948,463526
1016,2092837,1161
996,2092942,1372
1186,2093156,119
365,2095032,31846
381,2095168,28662
182,2095314,89561
1151,2096365,290
636,2097219,8049
1012,2097777,1186
1218,2097934,10
152,2098302,103327
794,2098838,3791
664,2098940,6989
372,2100260,30078
161,2101280,99625
602,2101531,9254
171,2102310,95081
832,2102750,3052
260,2103338,57258
1160,2103977,254
1147,2104611,320
987,2105233,1434
84,2106101,182191
362,2106421,32223
1119,2106685,511
691,2106805,6143
1152,2108717,288
133,2109083,118605
418,2109652,22416
791,2109916,3823
1100,2109969,579
855,2110005,2659
298,2110378,46326
463,2110410,17924
743,2110769,4727
400,2111998,25872
633,2112320,8070
251,2112596,62204
472,2112801,16828
560,2113353,11209
207,2113497,77790
921,2113552,1894
532,2114502,12737
826,2114730,3093
4,2114981,980145
1176,2115128,152
173,2115588,94692
931,2115680,1823
404,2115949,24987
534,2116252,12676
1220,2116604,9
33,2116739,395184
446,2117033,19512
893,2117404,2210
1124,2117545,445
540,2117706,12484
443,2117739,19759
759,2118135,4486
473,2118197,16807
722,2118605,5389
209,2119727,77108
212,2120164,76417
843,2120943,2859
1183,2120986,128
818,2121004,3168
1115,2121049,532
758,2121243,4492
963,2121745,1596
610,2122269,8868
721,2122920,5431
1120,2123065,497
176,2123292,92632
646,2123325,7762
379,2124115,29764
1232,2124292,1
685,2124293,6367
629,2124403,8324
101,2124681,158685
225,2124735,71029
301,2124782,45601
566,2124812,10829
598,2124816,9450
789,2124912,3861
709,2125070,5662
900,2125171,2172
349,2125437,34407
781,2125883,3970
1223,2125887,7
578,2126048,9995
969,2126119,1575
891,2126186,2230
570,2126894,10572
579,2126990,9968
1187,2127452,116
128,2127518,124921
763,2127652,4380
935,2127679,1787
165,2127978,96942
1092,2128103,630
941,2128231,1770
230,2128900,69353
121,2129178,136705
611,2129190,8827
1185,2129677,120
924,2129732,1873
874,2129889,2423
564,2129923,10949
584,2130313,9797
599,2130355,9396
943,2130473,1747
810,2131015,3412
581,2131314,9899
586,2131441,9703
434,2131448,20784
192,2131767,84978
643,2132317,7892
523,2132363,12929
1076,2132703,767
1204,2132944,40
676,2133014,6645
1032,2133061,1042
62,2133112,233430
635,2133216,8050
775,2133373,4070
429,2133518,21498
648,2133866,7585
673,2134023,6719
1205,2134286,36
114,2134821,144614
725,2135057,5307
460,2135237,18087
397,2135381,26434
782,2135470,3963
396,2135634,26826
689,2135867,6249
344,2135873,35480
701,2135878,5746
1143,2135937,337
747,2135995,4684
146,2136006,108921
376,2136021,29948
696,2136214,5953
314,2136272,42395
392,2136273,27085
208,2136315,77110
844,2136333,2855
71,2136430,208667
911,2136594,2082
851,2136658,2715
423,2136699,22143
853,2136708,2703
226,2137113,70720
975,2137132,1544
163,2137186,98482
1229,2137280,2
1111,2137449,548
248,2137641,63495
1106,2137642,560
662,2137815,7057
972,2138484,1567
333,2138682,38194
2,2139142,1055037
506,2139741,13874
512,2139794,13224
569,2139864,10588
1095,2139905,588
440,2140286,19828
401,2140423,25688
868,2140481,2502
310,2140679,43002
210,2140980,76819
495,2141470,15135
1107,2141578,560
697,2141761,5923
543,2141813,12418
500,2141920,14844
776,2142037,4066
829,2142088,3080
615,2142229,8785
571,2142247,10412
625,2142309,8440
1024,2142653,1103
304,2142802,44791
825,2143367,3099
1045,2143715,923
1118,2143932,515
580,2144292,9917
587,2144474,9696
496,2145267,15032
922,2145316,1885
728,2145441,5171
914,2145561,2036
1059,2145582,850
779,2145649,3997
1178,2168803,140
631,2170746,8203
609,2170748,8884
962,2170937,1599
986,2171024,1436
993,2171287,1402
606,2171434,9015
916,2171487,1992
1225,2171866,4
597,2171983,9490
670,2172107,6838
263,2172216,56417
155,2172493,101475
503,2172610,14654
1,2172761,1387418
754,2172838,4569
665,2173040,6903
1058,2173071,853
1053,2173272,883
955,2173364,1665
135,2173392,117867
748,2173471,4681
75,2173736,195907
1157,2173766,260
422,2173804,22194
14,2173851,646825
228,2173871,69584
391,2174198,27437
654,2174202,7334
1008,2174305,1229
796,2174446,3780
35,2174472,375839
41,2174799,355728
257,2174871,58944
461,2174904,18084
1029,2174905,1064
750,2174932,4660
1213,2174990,13
162,2175064,99092
490,2175100,15496
66,2175103,225205
804,2175147,3609
1027,2175160,1071
887,2175162,2306
389,2175174,27824
1126,2175224,430
859,2175236,2630
558,2175357,11302
771,2175393,4237
929,2175532,1835
1054,2175542,870
786,2175570,3889
78,2175666,189421
428,2175784,21587
1021,2175878,1137
202,2176008,80400
881,2176012,2355
800,2176055,3644
1069,2176068,802
741,2176091,4735
693,2176099,6095
470,2176243,16954
311,2176348,42844
907,2176379,2109
493,2176383,15169
839,2176425,2920
1116,2176564,527
675,2176588,6657
294,2176589,47924
666,2176594,6903
132,2176612,119079
749,2176643,4672
898,2176663,2176
681,2176707,6493
364,2176735,32127
1104,2176788,569
407,2176830,23749
497,2176997,14930
778,2177055,4008
227,2177102,70178
268,2177104,55671
649,2177105,7534
264,2177122,56345
499,2177144,14864
950,2177166,1690
755,2177245,4519
1010,2177352,1221
452,2177379,18845
683,2177394,6472
83,2177554,183536
888,2177595,2277
952,2177616,1686
200,2177629,80711
1048,2177634,906
704,2177662,5731
256,2177737,59175
556,2177746,11387
308,2177759,43248
700,2177773,5790
277,2177785,53562
923,2177794,1883
436,2177802,20587
710,2177807,5658
1210,2177812,16
591,2177829,9555
1125,2177875,434
679,2177914,6572
1194,2177918,81
706,2177922,5724
521,2177975,12950
469,2178065,17088
981,2178111,1471
1171,2178266,198
544,2178289,12245
188,2178355,86637
250,2178392,62267
186,2178434,88876
1061,2178447,840
1077,2178617,757
1193,2178628,90
659,2178640,7165
783,2178647,3944
1110,2178649,552
908,2178659,2106
72,2178662,201912
1129,2178669,408
1013,2178680,1179
1140,2178733,359
979,2178763,1485
970,2178777,1574
282,2178782,52008
877,2178785,2401
739,2178788,4750
841,2178811,2884
961,2178830,1612
788,2178872,3862
54,2178916,266341
936,2178925,1786
269,2178953,55015
746,2179004,4689
431,2179029,21040
595,2179030,9503
624,2179036,8446
590,2179037,9563
813,2179045,3315
674,2179156,6715
475,2179275,16773
86,2179300,181795
106,2179346,154135
122,2179354,134200
555,2179366,11426
892,2179376,2230
179,2179384,91089
762,2179399,4386
519,2179413,12990
817,2179431,3197
842,2179433,2863
757,2179436,4508
605,2179438,9142
1102,2179461,574
621,2179465,8505
221,2179466,71877
619,2179483,8674
11,2179487,701992
61,2179488,234567
139,2179510,113492
288,2179511,49438
24,2179516,459653
305,2179523,44054
502,2179524,14664
644,2179525,7797
834,2179550,3009
861,2179557,2600
190,2179558,86130
515,2179564,13112
286,2179565,50710
296,2179568,47195
26,2179584,440299
59,2179593,251281
18,2179605,535960
149,2179606,107273
34,2179609,394479
1167,2179612,217
69,2179627,219106
533,2179636,12728
27,2179637,434724
97,2179672,165486
857,2179682,2637
705,2179684,5726
538,2179685,12530
16,2179687,616770
966,2179693,1580
426,2179745,22038
390,2179749,27669
769,2179769,4253
885,2179784,2326
160,2179786,99651
32,2179802,398502
253,2179807,61123
527,2179808,12817
370,2179814,30819
324,2179816,40089
577,2179817,10080
237,2179819,66966
60,2179827,236652
1004,2179828,1290
751,2179831,4657
965,2179832,1581
1164,2179837,236
938,2179838,1779
293,2179840,48108
25,2179844,453992
858,2179847,2634
638,2179851,7982
118,2179853,140468
387,2179858,28109
57,2179868,258781
668,2179870,6849
424,2179873,22067
272,2179875,54030
735,2179885,4839
816,2179890,3225
787,2179904,3875
980,2179928,1472
663,2179936,7031
1217,2179937,11
1025,2179938,1096
76,2179943,195120
17,2179945,548603
12,2179954,662800
145,2179957,109479
415,2179966,22809
846,2179969,2849
630,2179975,8289
1081,2179984,704
883,2179986,2338
504,2179989,14252
1019,2179992,1144
47,2179996,320120
195,2179997,83259
201,2180005,80524
1158,2180019,260
1094,2180027,594
77,2180036,193002
1189,2180039,108
39,2180041,372940
912,2180055,2078
64,2180057,229353
550,2180062,11893
193,2180063,84855
271,2180082,54444
233,2180085,68419
1108,2180102,560
678,2180105,6579
1163,2180106,241
15,2180112,623140
276,2180122,53616
1083,2180125,695
960,2180133,1620
466,2180139,17722
946,2180159,1722
720,2180160,5433
821,2180194,3124
119,2180201,139612
10,2180211,709193
419,2180219,22361
845,2180246,2852
1075,2180249,770
183,2180253,89474
1230,2180271,2
1098,2180284,581
562,2180326,11010
110,2180333,149556
1128,2180342,413
531,2180358,12746
1037,2180367,975
1101,2180393,577
563,2180396,10976
882,2180407,2352
322,2180410,40800
234,2180425,68295
451,2180455,18943
1105,2180461,569
430,2180485,21427
352,2180493,33837
1113,2180620,540
698,2180626,5857
1196,2180629,74
485,2180632,15604
261,2180640,57034
886,2180679,2307
325,2180728,40062
478,2180732,16343
1162,2180749,242
1086,2180765,663
1103,2180768,572
484,2180785,15605
1199,2180802,65
1060,2180827,848
873,2180828,2445
1200,2180829,65
371,2180835,30625
1097,2180861,583
572,2180938,10390
989,2180980,1430
270,2181000,54903
1222,2181034,8
1226,2181054,4
958,2181097,1657
1219,2181102,10
1188,2181146,111
1070,2181182,800
546,2181217,12143
360,2181289,32317
