154,34,182742
614,54,2669
105,190,234981
326,214,71618
521,266,11633
371,644,50273
379,813,46805
404,1031,38955
132,1486,201894
616,1488,2614
175,1560,170608
730,1871,160
407,1924,37829
515,2104,12826
721,2426,189
649,2434,1227
445,2466,26059
311,2869,79397
691,3138,438
556,3257,7688
179,5112,168534
381,5206,43841
203,5331,145265
586,5515,4468
190,5795,156599
263,6210,100637
103,7269,240851
294,7365,87957
76,8016,317871
589,8182,4314
196,8934,150558
607,9148,3000
593,10553,3802
789,10764,7
269,14895,98791
520,28228,12009
251,30277,107787
48,31459,414481
328,35585,69634
300,38188,83695
120,47967,218319
437,49616,27611
619,51952,2440
532,55497,10238
763,59770,49
280,70135,95447
585,70178,4573
595,80863,3728
287,83966,89753
116,87568,222682
651,89126,1202
525,89324,11131
454,93560,24414
259,95264,102770
576,116702,4985
526,130784,11045
658,131896,1110
680,135042,551
69,137431,348069
710,141108,254
177,145122,169944
654,149167,1192
248,150754,109284
149,153216,184533
115,156480,223451
695,181435,406
579,183902,4754
272,186634,97691
261,189413,101895
318,193545,77781
343,195838,62280
600,201700,3482
385,202091,42665
335,202835,65410
499,222751,14702
768,235517,40
164,240304,179420
26,247981,531782
209,253428,140617
694,262910,422
240,264488,112715
777,265281,23
363,266664,53195
599,267903,3542
565,277740,6024
167,278359,175115
692,285536,431
519,286637,12034
581,301920,4715
418,302869,33113
633,311533,1957
615,316717,2640
659,319658,1050
541,321281,9429
108,325679,233253
55,327309,375635
84,347247,294616
631,355278,2088
15,371560,608565
759,372729,58
232,373602,123139
488,384620,16240
650,389855,1221
716,414455,234
793,435027,4
310,449420,80088
627,460649,2144
45,492721,417384
584,506610,4610
554,507321,7900
216,537774,136223
621,550454,2284
16,553065,602146
529,584939,10730
282,665308,91365
748,666419,80
704,669607,290
485,684733,16695
163,689953,179607
682,693730,533
628,699115,2126
395,701464,40814
742,719468,106
749,723981,76
150,724297,184278
334,740471,66025
613,748151,2683
239,754062,118316
440,757963,27079
557,769012,7463
686,771498,472
461,780494,21569
449,781658,25264
388,786529,42413
348,804111,59930
727,813939,170
133,828252,201830
125,828973,208988
193,835134,154267
323,837378,72279
410,842480,35306
540,843253,9534
35,848882,470152
297,862424,85281
553,862456,7971
374,865857,48176
638,866900,1743
342,904592,62306
567,912352,5900
222,929857,132578
205,932000,144413
168,933357,174422
34,934653,474423
80,940005,311283
447,943792,25692
457,944051,23899
530,965211,10637
316,967045,77940
769,970286,40
315,975475,78448
509,992825,13372
332,1009265,66941
561,1013969,6519
422,1021247,31542
243,1022419,110987
74,1029569,323011
148,1041417,185309
551,1043263,8209
52,1050151,391608
736,1063743,123
122,1075536,215157
689,1082316,440
516,1091882,12717
317,1097072,77885
22,1099107,562985
765,1105744,46
17,1107872,591749
471,1132628,19098
171,1139497,173078
182,1152489,164829
7,1169034,746685
393,1173630,41076
319,1178523,77452
737,1186212,116
715,1193040,242
635,1201926,1919
676,1203157,618
28,1227210,505569
53,1229744,388598
285,1233834,89913
527,1259861,10979
72,1265225,337915
739,1267847,115
279,1280418,96177
92,1299883,270434
324,1310137,72111
442,1314714,26346
775,1317137,25
181,1320170,166384
424,1321682,31241
787,1325175,9
504,1344475,14008
426,1344786,29886
366,1351573,52703
347,1390210,60357
161,1393257,180693
99,1403863,251528
688,1405084,458
397,1406307,39975
57,1415810,368464
106,1420391,233884
19,1424124,589149
412,1435337,34299
391,1445467,41892
492,1451906,15681
394,1462272,41013
751,1468499,67
750,1470110,69
473,1471835,18768
213,1474935,138067
128,1483240,207727
472,1490419,18941
372,1491798,50044
274,1498879,97626
392,1499631,41079
558,1501353,6827
290,1502481,88966
369,1514905,50598
235,1515545,120972
345,1516949,60562
725,1517013,174
575,1523929,4992
195,1531809,151335
566,1543507,5903
700,1545062,328
431,1546340,28911
306,1549959,80705
626,1550162,2178
528,1550750,10784
140,1550947,193837
464,1555525,21364
569,1564288,5784
466,1564927,20418
341,1565448,62481
577,1566793,4981
81,1577430,303153
330,1577451,67791
305,1584104,81250
64,1586763,358649
419,1587053,32850
210,1589949,140012
354,1592344,54659
423,1592617,31342
123,1592779,214535
197,1593279,148615
624,1594692,2199
219,1597818,133687
463,1598619,21417
427,1600593,29736
31,1606106,486551
218,1608453,134636
68,1611699,348274
170,1611988,173399
706,1615059,272
37,1617877,446268
382,1619606,43632
663,1624952,865
373,1629978,48750
582,1630138,4702
355,1630663,54630
476,1633426,18651
325,1638669,71932
503,1639790,14651
510,1651308,13307
185,1653036,161316
176,1660298,170531
752,1669627,67
489,1673222,16237
420,1675808,31921
708,1678679,262
223,1679961,132132
327,1682534,71430
365,1682674,53005
331,1687264,66967
192,1695175,155562
303,1695345,83263
249,1696964,109020
549,1700496,8435
560,1707975,6526
281,1709291,95200
722,1712127,188
547,1715991,8898
531,1718539,10372
679,1722025,583
2,1722419,882349
352,1724130,55831
264,1726664,100547
555,1726840,7745
405,1727458,38564
678,1727699,587
238,1731373,118328
779,1734443,19
217,1736828,135087
357,1745999,54091
336,1747627,64980
660,1747712,954
548,1748648,8458
87,1749417,279793
131,1749444,203691
604,1751219,3135
439,1757509,27309
291,1762371,88748
138,1762817,196244
378,1766388,46832
54,1774259,382300
104,1783692,235121
40,1790251,434202
244,1799033,110636
8,1810477,745156
480,1813386,17877
786,1820634,10
118,1820940,220564
73,1827900,336916
66,1833730,352276
484,1836199,16755
119,1843102,218944
729,1844986,167
400,1845090,39728
696,1847446,406
605,1849850,3037
498,1851914,14969
39,1854568,435914
451,1854680,24993
399,1855507,39898
215,1856794,136742
675,1858260,619
257,1863997,104188
293,1864618,88449
260,1878804,102278
490,1880635,15978
258,1880702,104101
536,1886945,9975
71,1888291,341079
746,1891510,84
155,1893225,182567
414,1894149,33854
587,1895629,4459
523,1896176,11498
767,1899245,41
231,1909023,123608
14,1911553,618079
681,1912482,540
153,1915106,182901
761,1918747,51
697,1921203,397
4,1922514,847862
522,1922589,11615
214,1936831,137142
234,1938559,122042
199,1939848,147423
147,1940858,185596
482,1941136,17060
212,1942526,138558
677,1946545,616
83,1946933,295420
95,1951509,264507
465,1951772,20955
754,1958184,64
438,1958617,27562
242,1959159,111176
266,1959710,99933
262,1960055,100663
202,1961278,145409
127,1964159,207861
207,1964787,140857
673,1968000,670
157,1969944,182280
398,1974873,39918
513,1979860,13142
670,1980085,771
284,1980091,90664
408,1980128,35677
333,1980850,66219
6,1981490,756296
88,1982595,278869
432,1983645,28705
629,1985825,2107
642,1986910,1542
383,1986927,42960
38,1987940,441661
720,1989696,191
568,1990980,5798
206,1992450,141345
625,1992690,2189
570,1993684,5653
295,1994330,87926
278,1994769,96457
406,1994940,37952
114,1995172,224234
23,1995173,561110
129,1996908,206487
453,1998540,24731
100,1998599,249166
386,2000376,42482
559,2000812,6761
543,2001043,9176
172,2002702,172660
85,2004903,289409
428,2005475,29423
351,2008454,57651
413,2010115,33874
350,2011248,58768
652,2011559,1197
98,2013143,252149
450,2013205,25045
590,2014236,4303
96,2015768,261376
514,2020623,13057
124,2022552,212604
734,2025180,138
121,2025956,217791
329,2027527,68757
13,2028170,618640
753,2030151,67
65,2030750,357367
674,2031095,659
158,2034967,182217
368,2036604,51434
111,2036967,229746
518,2038033,12064
156,2042518,182470
781,2042623,15
346,2043077,60422
211,2045479,139049
173,2045489,171682
246,2045759,110136
29,2048251,499579
396,2053673,40200
102,2054225,241525
602,2054684,3440
416,2055243,33545
639,2055445,1712
500,2055885,14671
744,2055973,91
233,2059063,122538
32,2060287,486419
33,2061432,480197
112,2062192,229003
705,2062753,288
683,2062776,513
618,2063295,2547
415,2063906,33647
186,2070871,158531
358,2072050,54084
620,2072440,2420
275,2073786,97340
20,2074692,573461
448,2075467,25606
668,2075590,790
230,2077224,124218
389,2077773,42228
220,2078371,133254
183,2080079,164239
713,2080999,246
256,2081223,104240
636,2081698,1808
571,2081910,5470
470,2082708,19241
51,2083232,394692
49,2083451,413513
254,2083507,105004
436,2083626,27855
359,2083788,53756
467,2083885,19565
645,2084142,1393
43,2084332,431983
653,2087044,1195
208,2087974,140754
390,2088720,42003
664,2090977,859
178,2091936,169443
91,2091948,271289
236,2092837,120600
731,2095032,148
622,2095168,2209
384,2095314,42814
709,2096365,255
227,2097219,129479
360,2097777,53550
533,2098302,10155
198,2098838,147869
50,2098940,395236
18,2100260,590643
738,2101280,116
771,2102310,38
321,2102750,73007
479,2104611,17893
188,2106101,157208
583,2106421,4642
117,2106805,222033
656,2108717,1171
362,2109083,53350
47,2110378,416138
61,2110410,363759
425,2110769,30866
286,2112320,89787
67,2112596,349196
452,2113497,24965
698,2113552,386
296,2114730,86814
3,2114981,875526
44,2115588,424228
598,2115680,3568
126,2115949,208918
719,2116252,199
97,2116739,256513
718,2117404,203
70,2117706,341222
228,2118135,125202
537,2118197,9832
271,2120164,97704
762,2121004,50
594,2121745,3772
25,2122269,541100
314,2123065,78544
253,2123292,106810
665,2123325,843
497,2124115,15129
308,2124403,80252
194,2124681,152112
110,2124735,230256
699,2124782,356
714,2125171,245
655,2125883,1190
643,2126048,1458
255,2126119,104470
169,2126186,174212
270,2126990,98745
782,2127652,15
459,2127679,22356
5,2127978,839804
312,2128103,78970
307,2128900,80640
189,2129190,156959
370,2129732,50293
685,2129923,497
82,2130313,296314
773,2131441,36
666,2131628,820
77,2132363,315576
501,2132703,14671
747,2133061,84
224,2133112,131499
78,2133216,314060
101,2133373,243614
356,2133518,54101
735,2135057,124
657,2135237,1121
641,2135634,1599
265,2135867,100259
441,2135878,26819
617,2135995,2614
462,2136006,21473
79,2136214,311635
478,2136272,18276
702,2136273,315
597,2136315,3640
573,2136594,5370
456,2136708,23954
671,2137132,719
758,2138484,59
534,2138682,10015
468,2139142,19503
644,2139864,1396
637,2140286,1783
588,2140679,4454
717,2140980,234
648,2141578,1291
130,2141813,205099
247,2141920,109379
380,2142037,44584
361,2142088,53365
349,2142229,59533
601,2142247,3464
701,2142802,326
340,2143367,62588
741,2143715,107
63,2143932,359880
46,2144292,417048
743,2144405,95
27,2144474,509301
139,2145267,195625
338,2145316,63817
387,2145561,42436
403,2145582,38966
159,2170746,181190
304,2170748,81757
790,2170937,6
443,2171024,26319
756,2171487,63
562,2171983,6351
204,2172216,145121
237,2172493,120387
669,2172610,781
226,2172761,131432
134,2172838,200770
687,2173040,468
375,2173364,47951
564,2173471,6172
151,2173766,184005
353,2173804,55290
90,2173851,271636
283,2173871,90862
245,2174202,110499
273,2174446,97634
455,2174472,24036
276,2174904,97031
200,2174905,147297
421,2174932,31798
298,2175064,84071
764,2175100,48
409,2175147,35491
267,2175160,99045
791,2175162,6
496,2175174,15214
640,2175236,1667
225,2175357,131459
794,2175532,4
401,2175542,39060
268,2175570,98962
160,2175666,180994
592,2175878,3981
201,2176008,147202
733,2176348,143
483,2176379,16896
606,2176588,3006
367,2176589,52505
339,2176612,63408
630,2176663,2100
784,2176707,12
724,2176830,179
477,2176997,18638
780,2177055,18
667,2177102,817
491,2177104,15934
760,2177105,55
546,2177122,9005
572,2177144,5440
277,2177352,96478
712,2177379,248
24,2177554,556168
508,2177616,13540
693,2177629,429
783,2177662,13
535,2177759,9990
776,2177773,25
550,2177785,8354
507,2177794,13648
745,2177918,91
672,2177922,695
302,2177975,83434
539,2178289,9545
505,2178392,13903
611,2178447,2879
288,2178617,89493
299,2178628,83884
377,2178640,47561
59,2178647,367518
475,2178649,18714
723,2178659,184
433,2178662,28700
89,2178669,276917
493,2178680,15658
757,2178763,60
417,2178777,33457
430,2178785,29383
301,2178872,83695
774,2178925,26
494,2179029,15373
446,2179030,25896
524,2179036,11378
580,2179045,4730
56,2179156,372854
726,2179275,172
646,2179346,1382
174,2179354,171036
289,2179366,89213
772,2179384,38
766,2179399,42
788,2179413,9
703,2179436,291
250,2179438,108449
309,2179465,80145
344,2179466,61765
574,2179483,5251
191,2179487,155962
608,2179488,2991
135,2179510,199815
187,2179516,158430
113,2179523,227645
552,2179524,8127
634,2179557,1920
376,2179558,47573
229,2179564,124593
538,2179565,9642
180,2179568,167323
62,2179584,362408
221,2179593,132607
21,2179605,568287
11,2179606,638591
137,2179627,196298
152,2179636,182960
107,2179684,233773
623,2179685,2208
136,2179687,198311
512,2179745,13181
563,2179749,6203
313,2179769,78723
591,2179784,4275
460,2179786,21950
30,2179802,487291
435,2179807,28475
495,2179814,15306
662,2179816,929
252,2179827,107584
141,2179828,193240
320,2179831,74197
778,2179832,20
517,2179837,12482
184,2179838,162013
322,2179840,72809
434,2179847,28668
474,2179851,18732
487,2179853,16530
143,2179868,189341
145,2179870,187963
162,2179875,180085
364,2179885,53169
93,2179928,267772
506,2179936,13808
146,2179938,186338
9,2179943,728645
144,2179945,188894
1,2179954,941791
36,2179957,457007
109,2179966,231926
596,2179969,3683
481,2179975,17351
603,2179989,3294
690,2179992,440
10,2179996,703345
75,2180005,319015
770,2180019,40
632,2180027,2071
12,2180057,637085
444,2180062,26211
94,2180063,264892
166,2180082,175528
42,2180085,432023
41,2180102,432369
292,2180105,88644
429,2180112,29393
661,2180125,954
165,2180133,177148
58,2180139,367731
502,2180160,14665
544,2180194,9163
609,2180201,2957
142,2180211,191031
60,2180246,366340
411,2180249,34831
711,2180253,250
241,2180326,111993
740,2180333,113
792,2180342,5
486,2180358,16665
458,2180367,23555
707,2180393,269
728,2180396,170
610,2180407,2951
86,2180410,288180
612,2180461,2790
402,2180485,39026
755,2180493,64
542,2180679,9198
578,2180765,4807
545,2180829,9058
647,2180835,1301
785,2180938,12
511,2180980,13215
337,2181034,64369
469,2181097,19391
732,2181283,145
684,2181289,511
