61,1,23495
9,2,2675393
13,3,1631537
38,6,242691
4,8,5465453
42,9,199585
22,12,695205
12,13,1664381
27,14,451387
60,16,29077
5,18,4463163
18,20,1101482
8,22,2677933
19,27,992462
81,31,68
15,32,1469897
68,33,12973
46,36,100731
30,38,376201
52,39,51681
69,41,12767
24,45,638298
82,46,4
57,53,32512
3,54,6523541
45,60,102541
35,64,292822
6,68,3454631
32,73,363403
21,74,708299
7,79,3322450
2,80,7222701
17,89,1373410
41,91,206641
1,98,8134348
20,104,823950
34,105,295536
14,109,1592406
29,117,391678
72,127,3955
53,128,45041
64,130,20192
71,134,5582
39,135,222011
63,140,20550
70,142,7533
43,158,126752
40,165,216710
79,168,403
76,170,953
16,171,1430634
75,173,2090
67,175,14224
36,179,270258
54,187,38441
10,193,1913664
37,197,252014
49,198,70077
66,201,15561
65,202,18956
58,203,32350
31,204,365594
51,207,62737
62,208,21641
55,209,37155
56,212,33480
74,213,2646
59,215,30632
48,218,74168
26,219,485440
50,220,69787
47,221,97804
33,223,362935
44,225,123601
11,226,1859105
77,228,865
23,230,642088
78,231,753
25,232,580478
28,235,435508
73,244,2961
80,248,90
