790,34,0
151,54,93336
587,190,2370
648,214,796
588,266,2236
68,644,195181
610,645,1694
455,813,9670
370,1031,19203
320,1486,26601
332,1488,24587
302,1560,31171
737,1924,32
647,2104,797
672,2426,380
266,2466,39803
476,2869,7664
147,3138,97378
590,3257,2212
278,3769,36712
340,5112,23110
591,5206,2199
686,5331,272
261,5795,41197
205,6210,58922
469,7269,8278
284,7365,35235
209,8016,58132
191,8934,63649
539,9148,4133
779,9312,1
426,10553,12258
516,10764,5395
551,14895,3425
720,20146,67
627,24249,1246
546,30277,3710
450,31243,10032
776,31459,1
305,35585,30578
99,38188,136992
677,44547,327
392,47967,16294
267,49616,39151
358,51952,20760
136,55497,103165
753,59770,12
178,70135,72398
57,80863,214944
652,83966,719
164,87568,82156
280,89324,36492
679,93560,324
211,95264,57178
772,116702,2
756,130784,8
514,137431,5557
722,137981,66
77,141108,171819
460,145122,9352
343,149078,22776
642,149302,928
184,150754,67856
216,153216,56556
114,156480,120349
490,181435,6704
609,182449,1757
589,183902,2226
138,186634,102385
260,189413,41701
695,193545,204
171,195838,78446
274,202091,37768
492,202835,6649
186,222751,67093
44,240304,245267
369,247981,19285
398,253428,15643
226,264488,52921
364,266664,20060
750,267903,14
549,277740,3453
394,278359,16167
707,285536,125
608,286637,1773
13,302869,523392
658,312708,614
725,316717,58
617,319658,1539
461,325679,9319
25,327309,345185
246,347247,48096
740,358738,21
64,371560,202766
347,372729,22191
84,373602,163257
34,384620,275560
523,389855,5133
605,391222,1821
736,414455,37
611,443007,1693
415,449420,12938
322,492721,26159
71,506610,186815
16,507321,436310
579,531777,2621
599,537774,1966
668,550454,443
562,553065,3050
454,572504,9692
554,584939,3365
674,629297,362
468,665308,8477
714,666419,94
618,669607,1501
310,684733,29549
187,689953,66865
771,693730,2
684,699115,276
56,701464,223056
666,705344,465
201,724297,59666
694,740471,207
506,748151,5957
134,754062,105636
575,757963,2735
704,769012,149
541,771498,3932
306,780494,30170
38,781658,263216
498,786529,6234
123,804111,114166
301,813939,31204
239,828252,49438
26,828973,338480
271,835134,38083
614,837378,1557
166,842480,81883
769,843253,2
61,848882,207675
279,862424,36563
217,862456,56227
480,865857,7329
346,866900,22293
598,881417,1994
41,904592,251142
375,912352,19082
440,929857,11000
594,932000,2069
535,933357,4351
121,934653,115237
183,940005,68439
215,943792,56619
248,944051,46485
540,965211,4081
126,967045,112309
116,975475,118806
276,992825,37491
748,999986,17
484,1009265,7074
712,1021247,98
743,1022419,19
238,1029569,49627
791,1040712,0
317,1041417,27259
718,1043263,80
290,1050151,33972
693,1063743,217
568,1068650,2959
160,1075536,88182
422,1091882,12682
33,1097072,276900
8,1099107,562700
309,1107872,29576
559,1132628,3176
89,1139497,151828
664,1146818,504
185,1152489,67422
382,1158969,17670
220,1169034,54311
696,1173630,203
231,1178523,51492
688,1186212,246
19,1193040,404960
282,1201926,35741
308,1227210,29576
360,1229744,20540
108,1233834,126649
632,1259861,1146
142,1265225,98890
494,1267847,6458
534,1280418,4366
321,1299883,26586
745,1310137,18
49,1314714,231246
565,1317137,3010
67,1320170,196822
150,1321682,93502
85,1344475,160865
241,1344786,49223
223,1351573,53729
326,1390210,25845
403,1393257,14489
595,1403863,2058
780,1406307,1
218,1415810,55157
397,1420391,15789
173,1424124,76673
662,1434418,535
767,1435337,3
607,1445467,1794
596,1449560,2045
15,1451906,451040
433,1462272,11659
759,1470110,7
536,1471835,4217
372,1474935,19133
778,1479932,1
763,1483240,4
760,1490419,6
404,1491798,14428
17,1498879,433085
165,1499631,82032
628,1501353,1245
395,1502481,16144
472,1514905,7870
500,1516949,6157
487,1523929,6954
270,1531809,38528
438,1543507,11217
660,1545062,588
428,1546340,11993
262,1549959,40916
654,1550750,702
466,1550947,8585
193,1555525,63100
755,1564288,9
97,1564927,138705
503,1565448,6025
602,1566793,1864
181,1577430,69419
154,1577451,89716
95,1584104,139668
373,1586763,19118
517,1587053,5309
408,1592344,13986
105,1592617,128373
155,1592779,89451
127,1593279,112176
788,1594692,0
189,1597818,64416
547,1598619,3568
339,1600593,23192
603,1606078,1851
146,1606106,97380
734,1608453,39
5,1611699,615619
176,1617877,73635
318,1618145,27219
432,1619606,11668
730,1620497,43
463,1624952,8780
59,1629978,209718
311,1630138,29127
350,1630663,22028
583,1633426,2522
96,1638669,139365
367,1639790,19604
528,1645211,4726
524,1651308,5127
258,1653036,42784
421,1660298,12683
156,1669627,89344
330,1673222,24679
731,1673500,41
337,1675808,23670
200,1678679,60018
754,1679592,9
141,1679961,100909
499,1682534,6202
353,1682674,21799
723,1687264,63
481,1695175,7299
405,1695345,14265
9,1696964,556378
135,1700496,105267
623,1701153,1405
501,1707975,6058
502,1709291,6042
775,1715991,1
83,1718081,163283
237,1718539,49633
655,1721928,681
93,1722419,144725
47,1724130,238710
112,1726664,122581
249,1726840,46310
436,1727458,11277
703,1727699,152
504,1731373,6003
273,1734443,37852
100,1736828,136913
706,1737351,130
532,1745999,4412
233,1747627,50529
430,1747712,11945
51,1748648,230004
387,1749417,16873
286,1749444,35080
555,1751219,3354
434,1757509,11553
103,1762371,130387
79,1762817,166971
384,1766388,17378
182,1774259,69328
74,1783692,177763
2,1790251,1234760
548,1797983,3565
786,1799033,0
509,1806454,5838
416,1810477,12893
140,1813386,101164
489,1819308,6836
122,1820940,114581
619,1821118,1436
566,1827900,3005
420,1833730,12724
651,1836199,733
157,1843102,88942
758,1845090,7
281,1849850,36279
272,1854568,37876
573,1854680,2826
219,1855507,55150
493,1856794,6624
773,1858260,2
52,1863997,229818
285,1864618,35135
670,1878804,433
341,1880635,23082
485,1880702,7028
20,1886945,393329
295,1888291,32372
747,1891510,17
81,1893225,164841
148,1894149,96945
525,1895629,5125
586,1896176,2410
581,1897377,2592
412,1899245,13787
733,1908624,40
24,1909023,351416
363,1911553,20200
789,1912482,0
542,1915106,3894
692,1918747,232
564,1920698,3011
675,1922194,342
158,1922514,88906
334,1922589,24337
445,1936831,10596
54,1938559,225878
448,1939848,10456
572,1940858,2828
27,1941136,321410
411,1942526,13835
336,1943660,23739
407,1945137,14190
613,1946545,1586
55,1946933,223439
389,1951509,16556
288,1951772,34713
626,1952754,1377
762,1958184,4
78,1958617,167649
227,1959159,52778
768,1959710,3
552,1960055,3381
75,1961278,177570
106,1963398,127788
391,1964159,16385
676,1964787,327
252,1968000,44909
287,1969944,34909
699,1974873,187
98,1979860,138335
228,1980085,52435
765,1980091,3
315,1980128,27752
351,1980850,21828
152,1981490,90118
1,1982595,1391826
486,1985825,7021
452,1986226,10026
410,1986910,13883
300,1986927,31406
399,1987940,15372
580,1989696,2608
35,1992450,273947
366,1992988,19817
447,1993684,10572
356,1994330,21168
65,1994769,197380
446,1994940,10574
131,1995172,109097
488,1995173,6879
50,1996908,230060
129,1998540,109369
641,1998599,955
616,2000376,1545
357,2000812,20946
87,2001043,155751
625,2002702,1395
563,2004903,3019
221,2005475,54269
210,2008454,57988
495,2010115,6343
402,2011248,14687
371,2011559,19184
251,2013143,45442
29,2013205,309494
719,2014236,78
515,2015768,5454
550,2020623,3452
3,2022552,982118
58,2025956,213713
383,2027527,17575
378,2028170,18369
701,2030151,177
518,2030750,5286
705,2031095,137
333,2031860,24565
757,2032066,7
584,2034053,2436
91,2034967,148472
40,2036604,257756
538,2036967,4140
307,2038033,29852
457,2042518,9452
247,2042623,47475
458,2045479,9432
327,2045489,25810
331,2045759,24589
268,2048251,39087
683,2053673,280
222,2054225,54201
634,2055243,1130
203,2055885,59239
32,2059063,278751
537,2060287,4188
437,2061432,11242
259,2062192,42291
691,2062753,233
728,2062776,48
53,2063906,227479
560,2068969,3165
417,2070726,12883
313,2070871,28023
577,2071214,2672
137,2072050,103047
770,2072440,2
505,2073439,5998
256,2073786,43094
444,2074692,10608
629,2075467,1213
574,2077224,2797
545,2078371,3731
110,2080079,124203
66,2080999,197229
479,2081223,7331
593,2081698,2136
604,2081910,1836
585,2082708,2417
119,2083232,116399
12,2083451,529742
133,2083507,108090
232,2083572,50665
342,2083788,22999
406,2084332,14247
265,2087044,39916
520,2087974,5267
344,2088603,22517
622,2088720,1422
235,2090629,50271
359,2090977,20579
62,2091936,206558
474,2091946,7809
682,2092837,291
661,2095032,544
558,2095168,3193
483,2095314,7110
645,2097219,880
42,2097777,249176
527,2097934,4915
355,2098302,21209
365,2098838,19825
159,2098940,88893
230,2100260,51980
11,2102310,545910
293,2102750,32703
413,2103338,13728
507,2104611,5957
143,2106101,98127
354,2106421,21627
386,2106685,16952
419,2106805,12779
630,2108717,1201
761,2109083,4
727,2110378,53
439,2110410,11188
76,2110769,174648
348,2112320,22101
4,2112596,848641
429,2113497,11983
529,2114730,4617
324,2114981,25958
118,2115588,116505
418,2115680,12878
570,2115949,2913
462,2116252,8903
374,2116739,19093
543,2117706,3878
224,2118135,53494
639,2118197,967
530,2118605,4502
202,2120164,59319
335,2120943,23874
199,2121004,61050
291,2121745,33932
162,2122269,84667
473,2123065,7839
14,2123292,480126
471,2124115,8077
512,2124293,5601
689,2124403,246
63,2124681,204321
208,2124735,58216
708,2124782,115
423,2125171,12486
531,2125883,4425
459,2126048,9382
314,2126186,27991
522,2126990,5171
253,2127518,44338
783,2127652,0
475,2127679,7692
124,2127978,114033
638,2128103,1052
721,2128900,67
477,2129190,7503
752,2129677,12
766,2129732,3
671,2129923,390
145,2130313,97568
742,2131314,20
289,2131441,34356
777,2132363,1
453,2132703,9997
781,2133014,0
393,2133061,16179
192,2133112,63337
257,2133216,42958
711,2133373,98
470,2133518,8139
497,2135237,6262
784,2135634,0
229,2135867,52358
250,2135878,45737
569,2136006,2918
519,2136021,5273
194,2136214,62924
621,2136272,1427
510,2136273,5837
650,2136315,755
657,2136594,627
744,2136699,19
533,2136708,4405
304,2137132,30583
482,2137642,7126
749,2138484,14
578,2138682,2654
400,2139142,15344
726,2139741,56
716,2140980,88
43,2141813,247240
401,2141920,15226
277,2142037,37015
451,2142088,10028
338,2142229,23195
175,2142247,75679
513,2142309,5586
635,2142653,1109
653,2142802,717
467,2143367,8567
715,2143715,93
312,2143932,28693
149,2144292,95686
18,2144474,426913
264,2145267,40117
214,2145316,56747
746,2145441,18
717,2145561,81
361,2145582,20529
130,2170746,109271
177,2170748,73439
168,2170937,80610
667,2171024,445
713,2171434,96
681,2171487,296
561,2171983,3158
170,2172216,78865
316,2172493,27671
396,2172761,15884
46,2172838,242096
649,2173040,767
659,2173071,608
464,2173364,8708
197,2173471,61802
526,2173736,5085
80,2173766,165276
297,2173804,31923
172,2173851,77894
163,2173871,84510
637,2174202,1077
39,2174446,261823
381,2174472,17676
508,2174904,5910
113,2174905,121781
254,2174932,44070
362,2175064,20399
592,2175160,2171
390,2175162,16551
102,2175174,133831
23,2175236,360830
72,2175357,185685
491,2175393,6698
669,2175532,440
128,2175542,111311
94,2175570,142217
69,2175666,191706
427,2175784,12155
319,2176008,26754
724,2176243,63
167,2176348,81731
690,2176379,242
700,2176564,179
244,2176588,48594
325,2176589,25889
456,2176612,9523
663,2176707,528
741,2176735,21
442,2176830,10784
665,2176997,499
213,2177102,56848
212,2177104,57125
275,2177105,37766
678,2177122,327
73,2177352,180878
571,2177379,2913
368,2177554,19462
640,2177616,962
465,2177629,8696
633,2177759,1135
582,2177785,2579
36,2177794,270385
644,2177807,888
329,2177812,25592
424,2177829,12415
785,2177918,0
385,2177922,17271
225,2177975,53110
379,2178289,18313
615,2178392,1557
283,2178617,35360
174,2178628,75884
296,2178640,32071
6,2178647,600261
624,2178649,1402
612,2178659,1618
709,2178662,109
37,2178669,263248
449,2178680,10393
656,2178733,655
7,2178785,589974
198,2178830,61105
255,2178872,43185
111,2178925,122949
60,2179029,209277
117,2179030,117800
631,2179036,1164
242,2179045,49209
294,2179156,32672
376,2179346,18775
636,2179354,1106
673,2179366,368
521,2179384,5205
443,2179399,10642
388,2179438,16808
269,2179465,38926
787,2179466,0
414,2179487,13178
188,2179488,66481
190,2179516,64079
732,2179523,41
299,2179524,31545
435,2179550,11306
698,2179557,187
195,2179558,62391
206,2179564,58476
567,2179565,2978
710,2179568,106
643,2179584,889
431,2179593,11785
88,2179605,153014
45,2179606,244280
21,2179627,389722
109,2179636,124271
511,2179684,5662
600,2179685,1941
352,2179687,21805
298,2179745,31907
425,2179749,12259
234,2179786,50350
161,2179802,85977
601,2179807,1940
735,2179814,38
576,2179816,2707
107,2179827,127398
409,2179828,13903
751,2179831,14
323,2179832,26056
556,2179837,3329
478,2179838,7460
292,2179840,33405
31,2179847,291028
144,2179851,98071
441,2179853,10901
380,2179868,18005
496,2179870,6289
104,2179875,128765
179,2179885,72142
245,2179928,48201
377,2179936,18508
115,2179938,119044
169,2179943,80323
303,2179945,31166
28,2179954,319292
48,2179957,236901
70,2179966,191489
204,2179969,59028
687,2179975,256
702,2179984,165
82,2179986,163581
685,2179989,274
86,2179992,156410
101,2179996,136532
597,2180039,2032
553,2180041,3379
30,2180057,292733
680,2180062,304
125,2180063,112857
243,2180070,48704
544,2180082,3739
10,2180085,547271
22,2180102,362765
620,2180105,1430
263,2180112,40397
764,2180125,3
729,2180133,47
139,2180139,102237
328,2180160,25795
153,2180194,89783
120,2180201,116061
240,2180211,49293
196,2180246,62135
90,2180249,149745
236,2180253,49947
132,2180326,108639
774,2180333,1
180,2180367,70215
207,2180407,58431
697,2180410,201
557,2180485,3270
349,2180632,22081
646,2180640,859
782,2180785,0
739,2180829,24
738,2180938,24
345,2181034,22413
92,2181097,145813
606,2181217,1821
