34,OmbacK,32,31,154220,21
54,Pipinf,32,20,116223,55
58,lordtony,3,1,491,894
190,DRUIDA,27,9,58169,183
214,-JAG-,219,1,362,925
266,Emperador+Salvia,38,7,32315,319
644,tirsu,193,10,61354,167
645,COPE,3,1,161,991
760,Morpheo22,0,1,1371,768
813,STCG,22,1,1609,742
930,LARDILANDIA,0,1,46,1121
1031,SANT0,27,15,84003,98
1344,MANUELOSKI,115,1,140,1006
1410,meixide,0,1,128,1014
1486,3duardo0,79,23,100823,70
1488,victormarra,193,4,22160,415
1560,Lord+Andrew,80,12,65199,149
1659,Lagash,0,1,2778,666
1871,parris,0,4,6838,554
1924,Bejerano,0,1,26,1144
1966,richipont,73,0,0,1245
2104,ptlomeoXXX,38,3,12681,486
2426,estoy,171,1,1482,759
2434,bicktos,3,1,258,957
2466,el+ultimo+mohicano,2,1,2683,674
2770,LYCOS,91,1,596,872
2869,Jiru,79,12,70254,133
3138,Atreyu,80,8,30168,339
3257,imperio+matt,3,1,1575,744
3514,lumamier,14,0,0,1246
3769,Seducer,193,3,9224,526
3897,garkill,99,0,0,1247
5112,darkmoon,79,12,63044,157
5206,Black+Rnag,38,9,35615,299
5331,vladtepes,32,0,0,1248
5515,Maldoror,0,0,0,1249
5795,Manu,98,8,36800,293
5802,Toni2007,12,2,4128,613
6210,cmr24,18,8,35045,303
7269,Non+Stop,27,8,53257,212
7365,qma2,18,3,19826,428
7705,David+L.H.,117,0,0,1250
8016,blasfemy,79,13,68532,136
8182,lord+h,0,1,111,1053
8934,pepon,79,11,62037,162
9148,godoying,197,1,2338,693
9312,stones,165,1,5019,584
10553,wtfmate,109,3,22437,409
10764,skaiman,171,1,2141,704
11280,g4sapphire,135,1,1643,738
13667,Martinlapiedra,0,1,26,1145
14536,superpoyo,1,1,26,1146
14895,Akon,45,14,60595,172
15641,Dios+Vengador,0,1,26,1147
20146,ELNOR,0,1,1595,743
21824,ESDILA,168,1,205,978
22529,garbanzete,60,1,301,938
24249,CRACKEN,171,1,1132,793
28228,tribuno,0,1,161,992
28243,bmwtdsws,2,0,0,1251
30277,EscorpioMilo,27,7,32065,321
31243,Maro,12,1,2538,678
31459,Vakna,13,12,95144,80
35585,DarkUri,13,15,85418,94
38188,Piku,80,5,30160,338
44547,MelNik,0,0,0,1252
47967,el+edu+cagado,13,13,63965,153
49616,Vitrocer%C3%A1mica,13,16,67883,138
51952,fantasmagoria,13,8,23637,399
55497,chris+el+magno,80,7,37310,291
58485,polloking,0,1,78,1060
59770,Julizan,12,1,4542,600
66230,Experto,171,1,1669,732
69545,kamio,0,1,487,895
70135,ebola,79,30,146119,23
70178,Not+Good+at+Being+Bad,0,1,470,899
75864,charlye,0,1,208,976
80863,ferruchini,98,6,29584,346
83966,ArHeim,74,5,13248,481
87568,taisapu+54,79,10,54973,202
89126,Hachassinparar,0,1,299,939
89324,Iulius,0,1,1093,801
93560,-Glindwein-,0,0,0,1253
95264,cazorla,38,31,163555,18
97846,ferfi%C3%B1o,0,1,254,959
100797,chiquitita,0,1,182,985
116702,baneos,105,0,0,1254
119743,Myto,0,1,456,901
123364,brakes,0,1,1414,761
124274,jabator,0,1,26,1148
128703,Starry,0,1,476,898
130784,Erlyns,38,4,6788,555
131896,josepepe,0,0,0,1255
135042,QUIEN+SOY,0,1,327,932
137431,jonni,27,12,66765,143
137981,Lolo+11,0,1,943,823
141108,Fran99,22,1,92,1048
144527,paular,0,1,130,1012
145122,Bobby+Fischer,32,23,144186,25
149078,jonas77,20,3,11406,501
149167,yaelito,0,0,0,1256
149302,ferrari3,22,1,240,964
150754,MagicTopo,20,7,46186,249
153216,arriaza,27,10,50732,229
153739,pruqr,0,1,26,1149
156480,tetitet,79,12,64111,152
181435,olaola3434343,45,6,35165,302
182449,Mexico+3000,171,2,4763,597
183902,toro+sentado,20,2,5500,577
184307,estereo,135,1,1094,800
186634,amangua,54,5,15536,461
188148,engendro+del+mal,0,1,38,1133
189413,-Killua+Zoldyck-,32,19,112372,58
190983,asda,0,1,77,1061
193545,MMansillaLF,32,14,63711,154
195838,neto23,18,6,34364,308
201700,UNOKEVA+ANDANDOR,171,2,4853,592
202091,Victorgm,193,6,26369,373
202835,bymuchi,45,13,50780,226
214030,Tyson,0,1,585,874
218984,trucho,0,1,344,929
219369,bernabeu,0,1,26,1150
222751,davidx,54,6,33588,312
234063,Shiraku,0,1,26,1151
235517,min1mal,0,1,145,1002
238040,sari%C3%B1ena,60,1,1987,717
240304,Wadasa,54,10,49988,231
247494,Sekram,0,1,2233,699
247981,rap.ale.11,79,13,80859,106
253428,laucharo,13,9,53172,211
255924,Elxeneixe,0,0,0,1257
262910,ovidio+de+roma,33,1,659,857
264488,Juanra.,79,6,38371,286
265281,Marques+de+Riscal,0,1,634,862
265478,gurras+riviales,91,1,180,987
266664,bramdalar,54,5,15298,466
267903,kikedecay,171,1,249,961
273796,captruzafa,0,1,259,956
277740,Dappuk,0,0,0,1258
278359,MARTIN+KING,80,8,45359,209
285536,Lady+Rowena,9,1,155,997
286637,barbarisimo,117,1,1642,736
288563,vva+de+cordoba1,0,1,68,1078
294778,Zakex,0,1,1103,798
296830,juanqui15,0,1,26,1152
301920,nostromo,3,1,606,870
302869,getafuen,98,10,45652,252
311533,mikelker,165,1,349,926
312708,sppedtriple,22,1,1140,792
316717,TUPAC,38,2,8935,527
319658,RINDAS,12,1,1292,777
321281,rulas007,0,1,2247,698
325679,Harrihari,27,11,65137,150
327309,Luysen,80,13,67207,140
331657,altrall,0,1,73,1067
347247,1el+dragon1,79,11,57291,189
355278,edinsonorlando,117,4,7248,549
358738,el+elegido1995,203,0,0,1259
371560,guijosa,80,14,82297,103
372729,YAMAYA,0,0,0,1260
373602,CaDZGon,98,11,40520,272
382814,Nelko,0,1,958,820
384620,nico555,80,5,27505,359
389855,Capit%C3%A1n+meliodas,2,1,903,829
391222,ArtkingNew09,89,3,8399,532
414455,THE-HERO,38,3,10485,510
435027,tigreII,0,1,2840,661
443007,DBGC,179,1,26,1153
449420,samu+el+crak,98,6,22474,408
460649,angelo4435,60,1,135,1008
480392,Maga+la+maga,0,1,568,879
492721,menwer,13,37,211915,5
503991,jamon+y+cigalas,0,0,0,1261
506610,TRIGON+I,80,9,35210,304
507321,El+monje,98,8,50865,227
531777,tumarguce,22,0,0,1262
537774,Samuel+001,27,8,47974,239
550454,WARBLUE,9,1,777,844
553065,LokoMigu3,27,19,141643,27
557517,villa+de+paso,0,1,38,1134
572504,sir+elidan+dj,171,2,5530,576
577826,AlVaro+IX,105,1,4131,612
584939,Anker70,179,0,0,1263
629297,perzas,198,1,1722,730
637516,perro69,0,1,155,998
663520,satania64,36,1,2833,662
665308,sr.burns920,27,8,45886,250
666419,elbonekud,22,1,1128,796
669607,revoltosa,0,1,72,1069
684733,pedo+el+grande,0,0,0,1264
685863,medievolo,158,1,1052,808
689953,ga%C3%B1anes,27,9,58970,180
693730,carxeros,117,1,3805,624
699115,gran+batalla,12,3,8171,534
701464,mafiu35,98,5,24056,395
705344,cao7,0,0,0,1265
707476,Kool0,0,1,94,1045
708726,guabeto,0,1,851,832
719468,sakataka,0,1,2412,686
723981,Bufon1971,0,1,1059,807
724297,Mario+Labin,79,6,22050,414
740471,BSR+Metal,32,11,32027,322
748151,hectorleo,171,1,6162,566
754062,Sergiam,18,5,24649,392
757963,vifalodu,20,7,38026,290
764820,leisman,158,1,739,846
769012,lokdavid,38,5,26210,377
769552,TOMAJAUSS,0,1,107,1033
770420,escorpion61,0,1,26,1154
771498,chapa09,104,1,600,871
776487,traj,2,1,26,1155
780494,retro199,193,3,7407,546
781658,jjert,54,9,39252,283
783798,TheMarine,12,1,1037,813
786529,serrajserra,223,0,0,1266
792083,GABRIEL+ANGEL,6,1,48,1112
804111,Poni+is+back,80,6,26274,374
804327,manulhr,0,0,0,1267
813939,SILPA,98,0,0,1268
821730,JAJAEF,0,0,0,1269
828082,Darkensedd,0,1,26,1156
828252,javilou,80,9,50922,223
828973,jesus67,98,13,62270,160
835134,nickcapov,193,7,25278,387
837378,zaikoman,32,18,85071,95
842480,brenok,54,3,16370,455
843253,VALEZKA,135,1,2288,695
848882,castardo,27,29,158607,20
851565,ismaelkiss,0,1,227,968
854506,.Gear+5+-NIKA-.,2,0,0,1270
860124,San+Patricio,0,0,0,1271
862424,Black+Buc,79,11,69663,135
862456,Dasteo,32,13,55919,199
865857,azrael-k,38,1,688,852
866900,alexran,171,3,6168,565
875478,nznznz,0,1,704,851
881417,karpy,12,0,0,1272
891173,CaPiTaN+ClOw,0,1,26,1157
904592,josetxuleton05081977,98,8,41798,264
911726,Nabucodonosor17,6,1,236,965
912352,GuerreroPlata,20,3,15231,463
912799,condeplebeyo,0,1,3074,652
925391,tipito24,0,0,0,1273
929242,Nabuco+don+oso+r,0,0,0,1274
929857,xamus81,32,11,62074,161
932000,dumbar,0,1,5470,578
933357,d3byan,32,28,140111,29
934653,-Xiki-,79,22,84252,97
940005,xirivella,79,11,60195,174
943792,Dios+Juliteitor,54,1,3260,643
944051,Toxic,32,13,51992,220
946962,luichis,0,0,0,1275
949693,jeiskill,135,1,429,909
951401,novatius,53,1,3954,618
956254,chinches-rojos,91,0,0,1276
965211,Cabe-22,2,1,2718,672
967045,APU+BADULAQUE,18,7,33634,311
970286,-Naruto-,31,1,659,858
975475,Aubriel,80,12,43474,257
978034,Sven+el+Protector,0,2,3788,626
985782,pijacorta,232,0,0,1277
986252,dieguinloko,2,1,45,1125
987383,nicolasedu76,228,1,1411,762
987723,peruanisi,73,0,0,1278
992825,las+dalias,2,1,2974,657
999986,qqwwee,0,0,0,1279
1001089,julieta1975,0,0,0,1280
1007629,SENTO2,0,0,0,1281
1009265,Reey+Ragnar,27,6,36562,295
1013969,Lwliet,0,1,41,1131
1021247,afortunado,32,15,71208,131
1022078,rata123,0,1,26,1158
1022419,PAPI+1,45,11,50550,228
1024499,barryl,0,1,136,1007
1028035,CHEVY+LUCAS,12,1,1344,773
1029569,iker10,79,13,67190,142
1030385,Dymustens,0,1,60,1094
1036162,MOJAVE,2,1,582,876
1040712,pevicorsa,12,1,2723,671
1041417,Mojito,13,29,121793,46
1043263,apirm,38,6,29876,344
1047466,reynaldo10,0,1,393,918
1050151,jaimerus,13,20,110807,62
1051979,peve,91,0,0,1282
1063743,sir+martin+de+salta,171,1,499,893
1066559,neoragex,0,1,160,995
1068650,REPUBLICA+HONDA,12,1,595,873
1075536,MoChonk,13,14,82782,101
1082316,DRUIDA+ROJO,91,1,2092,709
1091122,hugasos,0,1,74,1066
1091882,ina21,45,15,66225,145
1096810,Magnetom,127,1,44,1127
1097072,milrayita,98,9,49370,233
1099107,Topo+Classista,98,19,98254,75
1099990,zellsto,0,0,0,1283
1105744,mrzonyy,171,3,4996,586
1107872,Zephyroas,27,16,111723,60
1124356,Rikuasesino,0,1,26,1159
1132628,PADRIGOD,45,14,52188,219
1137797,exclama,218,1,3184,648
1139497,alloza14,18,8,34884,305
1146818,tolteka,0,1,2020,714
1152489,Revolut,27,11,51572,222
1158969,Franch14,3,1,2372,690
1169034,Vanquished,13,27,184277,11
1172964,AZTK.Pacheco,201,1,64,1087
1173630,il+capii,45,5,16524,452
1173925,CapitanMcallister,0,0,0,1284
1178523,Vendaval+Hispanico,80,8,49345,234
1182358,forlando,0,0,0,1285
1184145,jose553,6,1,2272,696
1186212,Rey+Robe,171,2,4888,590
1187462,comando+j,0,1,47,1118
1193040,Pain,98,7,39767,279
1201926,The+Flying+Dutchman,79,3,21928,416
1203157,JAM+037,0,1,827,837
1205961,Sumbudrulito,0,0,0,1286
1216380,zecarlo,60,1,1505,749
1222792,DUENDEROJO,6,0,0,1287
1224118,wuars1995,0,1,26,1160
1227210,Dro0ope,79,11,73291,123
1229744,somhicloncs,13,36,188560,9
1233834,Lady+La+Hoya,54,8,30024,342
1245922,mentezato,0,1,154,999
1259861,Teyla,231,1,1969,719
1259986,-agus-,0,1,69,1075
1265225,Sonny+Jr.,80,21,125137,42
1267847,pepeca,91,1,83,1055
1280418,garflag,45,6,32813,316
1294772,.Yuen+Hsiao.,0,1,1634,739
1294783,arte+kallejero,0,1,26,1161
1299883,maderig,32,17,79027,113
1310137,PASAPA,45,11,41457,266
1314714,leonidas633,98,4,19593,433
1317137,raper96,3,1,1568,745
1320170,BSR+Chemamecha,54,5,36804,294
1321682,darkmatius,54,6,23742,398
1323047,ilyas,121,1,83,1056
1325175,Sir.+Juanjo,134,1,1358,771
1329012,llandrak,0,1,1250,778
1329291,fity81,3,1,270,951
1344475,xina+1,98,5,22145,412
1344786,munu95,54,6,10152,514
1351573,xpopex,54,5,12043,491
1362843,marcos+barcala,0,1,581,877
1367441,excaliburvamp,0,1,47,1119
1390210,Juanm4,32,20,116247,54
1393257,aaglaee,27,11,53909,207
1400436,LEON+DE+DAMASCO,0,1,1219,784
1403863,UnTioNormal,18,13,72378,127
1405084,MawaNz,2,1,571,878
1406307,bandierita,45,9,26740,364
1408290,x+-man,0,0,0,1288
1415537,-+L+o+Q+u+i+L+L+o+-,0,1,26,1162
1415810,Citizen,80,18,95375,81
1419343,Serhenna,0,1,627,865
1420391,xd-1,32,25,170618,16
1423677,CASTONIKITA,0,1,1131,794
1424124,somhidoncs,80,10,67157,141
1434418,Viking-Tyr,0,1,182,986
1435337,Perua7,27,1,2094,708
1441233,bmkiller,0,1,26,1163
1445467,Zofe%40,2,0,0,1289
1447786,i+am+the+candyman,0,1,55,1104
1449560,kali+mist,0,0,0,1290
1451906,Maese+Zippo,98,6,23546,400
1456897,el+zorro2,0,1,131,1010
1462272,lichbaby,2,3,11058,504
1466469,flomar,0,1,652,860
1468499,Tixose,0,0,0,1291
1470110,OPer,3,1,1236,781
1470132,gason,193,3,6497,560
1471835,amonca,193,2,4458,602
1472448,VICTORIO2011,0,1,212,973
1474935,Hephaisto,13,19,109083,63
1476356,AUSENTE33,0,1,1957,720
1479932,Sir+Franji,0,1,28,1143
1483240,infernal2,45,15,89113,87
1485683,Thanoz,0,1,3500,634
1490419,REVELL,226,1,2776,667
1491798,pluton1,45,7,22754,405
1498879,aitor1122,80,26,134507,35
1499631,-Lord+Baphomet-,54,5,29456,348
1501353,JoseJuang,117,1,3277,646
1502481,espartanooos123,225,1,852,831
1514905,meljta,27,5,31142,324
1515545,GoD97,0,1,856,830
1516949,Franfor86,193,3,16448,453
1517013,bandolero43,0,0,0,1292
1522246,JACL+EL+GRANDE,0,1,246,963
1523929,fefefacu,0,1,26,1164
1525913,Rodrigo+Goes+Es+Iran%C3%AD,0,1,26,1165
1531809,mojoyoyo95.,80,13,73656,122
1541800,KIMBO19,0,0,0,1293
1543507,TaTaMartino,22,1,1389,765
1545062,JAUMEM,3,1,3551,631
1546340,TuSSi+PoTe,2,1,4622,599
1549959,SyaoranLee,80,9,34506,306
1550162,rolo+parse,0,1,1214,785
1550406,qimfm,0,0,0,1294
1550750,chivuuaa,38,6,25886,380
1550947,Oveja+saltarina,32,13,62420,159
1552275,zairo,0,1,3446,637
1555525,mackrodro,2,4,12530,487
1563523,sergioportero,0,1,42,1129
1563960,fermin,0,1,630,863
1564288,snoopy,0,0,0,1295
1564927,hardwell,18,4,18263,442
1565448,Martiita,38,2,7786,540
1566793,Finland,0,0,0,1296
1573465,Tiberio,0,1,1079,804
1577430,Boss+MORIBUNDO,79,13,61511,168
1577451,Damn,54,7,27313,361
1578844,Atila2021,0,0,0,1297
1578846,sam978,0,1,83,1057
1579889,Hamazazpi,14,1,422,910
1580222,Alienx,0,0,0,1298
1584104,akily,98,5,26604,368
1585792,gonxaluhpt,0,2,1750,728
1586763,CmPaX,18,15,95436,79
1587053,xinojua,0,0,0,1299
1589382,MEIAN01,0,1,26,1166
1589949,saladino,79,4,19440,435
1592344,DarkLegend,32,37,171652,13
1592617,Einheri87,80,5,35232,300
1592779,Persiquitore,18,9,59405,175
1593279,VIRUS666,109,13,87730,89
1594692,Jandry4,0,1,1030,814
1595726,-xyc-,0,1,418,912
1596756,Brandy666,0,0,0,1300
1597818,desde+mi+cielo,98,7,22694,406
1598619,XanZeekktor,20,3,10810,507
1600593,liske,45,2,6774,556
1606078,Thor11,12,1,2429,685
1606106,Ciobi,13,28,139684,30
1608453,pep23,32,23,136233,34
1611699,C1D+CAMP3ADOR.,54,18,102240,69
1611988,Cograt,45,14,65571,147
1613388,sLoVeXx,0,1,26,1167
1615059,acs26cs,0,0,0,1301
1617877,Baalcells98,27,14,80283,110
1618145,maxi96,0,2,8556,531
1619606,OLGUEITOR,105,5,13212,482
1620497,Reddas,38,6,15229,464
1620964,Nicosta,0,1,26,1168
1624952,Sandman,27,12,30268,336
1628375,pankistan,179,1,1480,754
1629978,Huepjr,80,5,20992,419
1630138,lastoco,117,0,0,1302
1630663,lucesita,117,5,12813,484
1633426,Adriang29,0,0,0,1303
1638669,buko,54,7,20992,418
1639790,tin2013,165,1,5250,581
1643481,jesusiyo3333,134,1,197,983
1645211,luzbelito69,12,1,2703,673
1651308,-Hypno-,98,1,6371,561
1652831,matimir,12,1,2226,700
1653036,dani1812,79,10,47402,242
1657441,Von+Schweetz,0,1,204,979
1660298,GalindoDev,13,7,57344,188
1669627,Vicious,208,1,3744,627
1673222,INQUISICION,219,1,412,913
1673500,mentalista67,168,1,620,868
1675808,Kalima,45,14,55102,201
1678679,Thanks.es,2,1,26,1169
1679592,Feferovic,0,2,6512,559
1679961,jhonnas,54,9,37775,289
1682534,hockz,18,6,26511,369
1682674,La.Mota,22,1,26,1170
1687264,slavajavi,232,0,0,1304
1687454,Reina+kiara,168,1,404,914
1691091,medyna14,1,1,682,854
1695175,Sh0ck.,79,15,62799,158
1695345,elsudri,13,9,54566,204
1696964,joan250,98,7,41160,268
1700496,Akka,54,5,15846,460
1701153,pasanlu,213,2,5389,579
1701431,maykel638,0,1,3905,619
1707975,MorCloud,12,1,1364,770
1709291,Thealonsokiller,0,0,0,1305
1712127,XxxX13,0,1,3295,641
1715991,andReea92,0,0,0,1306
1718081,alekilates,64,3,7720,542
1718539,Carlito+Brigante,80,10,70490,132
1720363,serra715,0,0,0,1307
1721928,focs,9,1,2407,688
1722025,TitoLivio,0,1,647,859
1722419,Don+Cami%C3%B3n,79,14,82886,100
1723176,LITANIRIVER,128,1,309,934
1724130,hexahidratado,54,6,25642,381
1726664,siN+miEdOO,54,4,16367,456
1726840,Cthulhu,2,1,1739,729
1727458,HATOS+VEINTINUEVE,0,1,81,1058
1727699,B4LL3ST3R,171,3,9767,519
1731373,gru4.,32,17,113290,57
1734443,nicko917,22,1,2051,711
1736828,traspie,13,10,47066,245
1737351,titorete,0,1,26,1171
1745999,-+S+P+A+R+T+A+N+-,215,8,30464,334
1746335,baraxe,0,2,935,825
1747627,glarius,117,1,294,943
1747712,-+L+O+B+I+T+O+-,215,5,25014,390
1748648,Se%C3%B1ora+BarbY,98,7,20708,420
1749417,Izaya,32,10,47264,244
1749444,pistachos,13,11,76452,120
1750156,shulpeca,0,7,10313,512
1751219,BigHeart,0,0,0,1308
1753769,TauTau,0,0,0,1309
1757509,LuisoRoll,45,2,11205,502
1762371,A+COP,54,5,10870,508
1762817,jamap,54,9,33793,310
1766388,Xaniro,2,1,1620,740
1772694,la+maravilla,0,0,0,1310
1774259,Se%C3%B1or+Bellator,27,13,97023,76
1783692,sarius,98,6,42914,259
1784555,SAYKO,0,1,1305,775
1786798,kamka,0,1,30,1141
1790251,What+Da+Faq%3F,109,47,241585,2
1791783,Muse,158,0,0,1311
1793379,MatyCash,0,1,400,916
1796437,Sr.Farmer,171,1,1150,791
1797983,.Firo.,20,2,2183,702
1798554,Loading...,0,1,31,1139
1799033,itachi77,45,15,83084,99
1802533,H+u+b+e+r,0,0,0,1312
1806454,nicopirata,0,0,0,1313
1810435,xxx+odin+xxx,0,1,26,1172
1810477,Helaric,13,20,121387,47
1811741,Rey+destructor,0,1,26,1173
1813386,destri92,98,3,12259,490
1815147,lord+verox,0,1,220,971
1819308,NEFERTITI,128,1,1041,810
1820634,.SrPablo.,171,1,520,890
1820940,eltitoraul,54,12,56795,195
1821118,asterix,0,1,1615,741
1827900,Marley,13,17,99718,73
1828101,dranko,0,0,0,1314
1828777,Intelligence,79,0,0,1315
1833730,tony+montanaa,13,42,230215,3
1836199,ivomax333,0,0,0,1316
1843102,Artanis,98,8,48773,236
1844986,Triston+Monkey,226,1,1073,806
1845090,Elorrixo,27,3,22242,410
1847446,Miatorii,0,1,26,1174
1849709,Monkey.D.Luffy,0,1,1476,756
1849850,CCF.,109,9,26618,367
1851914,gallipoli,9,1,4167,611
1854568,XDarkito,13,17,106093,67
1854680,Baned.,0,0,0,1317
1855507,kaballoking,98,4,11482,498
1856794,Matalocazo,32,15,73049,125
1858260,ACTV.1,105,1,1654,734
1863997,Chinin,98,9,45811,251
1864618,AlberMoDz,98,2,13622,480
1878083,PAYENAII,0,1,132,1009
1878804,blanco+y+negro,215,5,16407,454
1879611,Desquizio,0,1,48,1113
1880635,pokopelo...,74,1,1093,802
1880702,%2AnEcRo%2A,27,12,57701,186
1886945,Baayul,98,9,43578,256
1887375,LA+CUEVA+DEL+OSO,0,1,47,1120
1887462,Godlike+is+here,0,1,60,1095
1888291,granjeo,13,15,86494,92
1891510,Angel+Food,105,1,4914,588
1893225,zesick,193,12,60586,171
1894149,templario76,54,2,15463,462
1895629,TuLiYa,105,4,10651,509
1896176,Zopp.,27,13,54526,205
1897377,Mc04,0,2,7284,548
1897732,narrow,159,0,0,1318
1897998,Lord+Kym,135,1,728,847
1899245,adrics92,89,2,11885,494
1906681,armandosk8,202,0,0,1319
1908624,LordCri,165,1,2358,691
1909023,F.A.L.,98,8,33097,315
1909540,Dreykio,0,1,73,1068
1910557,MMaza,60,1,105,1036
1911553,Overground,13,25,138272,32
1912482,hachitas,0,1,906,827
1913681,Sirzap,0,1,70,1073
1913726,Rey+soriano,0,1,744,845
1915106,StormBreaker,13,11,71199,129
1918747,Focus.,0,1,26,1175
1920606,-+Sr.+JAUJA+-,74,0,0,1320
1920698,.Elean+Vital.,2,0,0,1321
1921203,FYD7,0,3,5615,575
1922194,examiga,168,1,284,947
1922514,Giovas%2A,80,17,118792,53
1922589,November+Rain,80,3,16203,459
1929924,Mckay,0,0,0,1322
1933907,josepereira,1,1,208,977
1936831,Shadown+Exile,32,41,245290,1
1938559,iKniTes,18,13,61588,169
1939104,BGRLeg,0,1,49,1450
1939492,DjpaulinhoI,0,1,50,1106
1939848,DaenerysThargarien,18,4,19795,430
1940858,BnkDragon,27,8,50781,225
1941136,Murcatto,98,7,39929,278
1941652,Monday,18,8,30193,337
1942526,DoctorViolento,204,2,1079,805
1943415,cavani123,0,1,26,1176
1943660,Lucifertxo,165,1,4103,614
1943768,metalero20,0,1,383,920
1944431,Baby+Grot,127,1,142,1005
1945137,Kolumna,0,1,232,966
1946545,evilthenight,22,1,264,955
1946933,Se%C3%B1or+DONOVAN,54,8,40758,270
1947487,-Miky+Woodz-,2,1,1080,815
1949840,BARMY,0,1,114,1023
1951509,Overground.,13,25,111589,61
1951772,Arnasa,22,3,3038,654
1952754,efil,0,0,0,1323
1958184,CoCoDryLoo,232,3,10357,511
1958617,Clearco,54,5,22212,411
1959159,Samsonita,80,7,35688,297
1959710,lordlui,215,6,30572,331
1960055,rubenhg,13,7,44795,253
1961278,cucalascano,18,7,39756,280
1963398,peix,22,1,2863,660
1964159,NULL,27,8,54697,203
1964787,BSR+Magis3,45,9,42896,260
1967572,xANUBISx,0,1,26,1177
1968000,-Lobo+Blanco-,0,1,5332,580
1969642,CHANCA,229,1,287,945
1969944,TocToc,13,10,46189,248
1970463,anuki,2,1,806,839
1970708,Sorelina,0,1,225,970
1972825,Rey+yunque,0,1,110,1029
1974873,Yanyi.,38,8,35977,296
1979860,Se%C3%B1or+tutin,54,10,53373,210
1980085,Trundle,54,2,3892,620
1980091,barbarizador,45,5,33317,314
1980128,jhaican,80,4,17759,446
1980850,Sr.+Heisenberg,117,0,0,1324
1981490,BigJoKeR13,27,22,130038,39
1982595,Harloy,109,32,198281,6
1983645,El+Lobo+De+Wall+Street,38,1,6654,557
1985572,DarkPhisley,117,1,26,1178
1985825,Yol1to,0,1,6366,562
1986226,FRAN+de+los+bloques,22,1,1379,766
1986521,Srjuande88,0,1,26,1179
1986910,Artemisa+semidan,38,7,18273,443
1986927,KillerRarts,32,3,12526,488
1987940,Shoot,27,9,57390,187
1989696,Zannedar,27,7,24188,394
1989749,Inmemoriable,60,0,0,1325
1990980,CS-Machingan,3,1,116,1020
1991740,juanclim,0,1,26,1180
1992450,Mvdp,54,7,52658,215
1992690,Manzanom9,0,0,0,1326
1992988,Wujugor,0,0,0,1327
1993684,Mola,74,4,14079,475
1994330,cleionabellos,79,11,58459,181
1994337,Lucas+the+duck,0,1,2138,705
1994769,erduke29,54,4,25212,388
1994940,Kolomodro91,2,1,1185,788
1995172,Pinut,80,14,72098,128
1995173,Jhex,79,13,80242,111
1995834,-Selena+Gomez,0,0,0,1328
1996908,Reginense2,54,15,60247,173
1998540,Misaki,80,11,52344,217
1998599,-.Insidious,45,12,80564,108
2000376,RodMar89,0,1,609,869
2000812,Ternasco,3,4,7436,545
2001043,javiervp1500,98,5,30654,333
2002238,KIO.KAPODIPELS,0,1,3413,640
2002602,espadita5,0,1,99,1043
2002702,davitico9,226,0,0,1329
2004903,estallos,27,11,55735,200
2005475,goe7,109,5,16308,457
2007265,Palosae,0,0,0,1330
2008454,darkito69,54,4,18330,441
2010115,canmu,54,1,4840,593
2011248,FIRULAIS105,27,9,43380,258
2011559,alextzurisk,0,0,0,1331
2013143,JackD,13,16,88557,88
2013205,lleixg,98,7,34461,307
2014236,joker666,0,1,295,941
2014620,gamehack,0,2,2598,675
2015768,Electro814,27,14,69844,134
2017189,TeNeNTe,0,1,91,1049
2017869,Pinkky,0,1,26,1181
2020623,noisyboypran,45,10,29467,349
2021868,NahuelNicolas99,0,1,26,1182
2022552,Atlas,98,20,100774,71
2025180,carser21,0,1,469,900
2025513,empiezodecero,117,0,0,1332
2025956,Jahr,80,9,36898,292
2027527,Edward+Newgate,32,20,119608,50
2028015,Sr.+Black+Panther,0,1,702,848
2028170,LPB96,13,16,123225,45
2029109,Loganh,0,1,2031,712
2030151,Se%C3%B1orLuisHdez,12,1,441,906
2030558,Se%C3%B1or+pajita,0,1,1483,753
2030750,ivolago,79,12,81267,105
2031095,SmithB,38,1,4742,598
2031860,FourTimes,0,1,2466,680
2032066,RenacerHica,38,1,3629,629
2032716,Orgetorige,0,1,3229,647
2033445,gebusamdp,89,2,11010,505
2034053,Sf3r,20,9,24050,396
2034910,vengador+perro,187,1,1039,811
2034967,Perchita.,80,11,70976,130
2036604,Holy,98,7,26506,372
2036967,Alvaro+Riquelme,45,24,140286,28
2038033,Biscia96,18,4,26706,366
2038075,don+Ironio,0,1,450,903
2041768,Macron,0,1,2458,681
2042518,capdeporc37,27,12,77326,117
2042623,FrankTerra,193,2,3442,638
2043077,BSR+Riikii22,32,10,35243,301
2044485,Trara,0,1,2358,692
2045479,Tinituus,27,10,52545,216
2045489,Mr+Nobody,13,13,84313,96
2045759,Akela,193,5,32260,317
2048251,Srta+Darky,13,23,172491,12
2048893,COSOC,0,2,5806,572
2049226,Muyahid1,0,0,0,1333
2053673,Tanatos,32,13,54023,206
2054225,KuentinJr,79,10,41763,265
2054684,Juanjo63,0,1,1020,816
2055242,Aaron008,0,1,946,822
2055243,Blankiking,2,1,26,1183
2055445,Lobo-alpino,0,1,266,954
2055885,Dornroschen,27,15,60626,170
2055973,mike22,142,1,623,866
2057689,Kyuma,0,1,64,1088
2057827,Boticu,0,1,2834,664
2058154,SantinoBabe,0,3,11679,496
2059008,m.portugal,0,1,2442,684
2059063,Reina+Walkyria,54,11,61345,166
2060223,Davilun,0,0,0,1334
2060287,Srto+ibann33,13,25,132507,36
2061432,Lele+SF,38,23,124994,43
2062177,Mr.+LookedOrchaTo,179,0,0,1335
2062192,Grafo,27,6,30122,340
2062753,marmar65,0,1,1242,780
2062776,CaJaA,22,1,85,1054
2063295,rainha+vallentine,0,0,0,1336
2063906,Rinoceronte,18,5,23315,402
2064710,Nacotlan,0,1,150,1001
2064866,Minzdrav,0,1,69,1076
2068969,Babs77,0,1,1809,725
2070095,Darcking,0,1,131,1011
2070356,jositoatm,0,1,784,843
2070424,rubiales555,0,1,44,1128
2070562,Blue,117,1,4911,589
2070726,pepenando,0,1,62,1092
2070871,jeea,18,6,26511,370
2071214,solovisa,3,1,1984,718
2071342,tARANTULO,0,1,71,1072
2072047,Mensajero+del+Amor,0,0,0,1337
2072050,caldel00ko,54,2,6585,558
2072066,Capitals,0,1,26,1184
2072440,GaFeBi,0,1,830,836
2072629,Rimas,60,1,3048,653
2073439,Danae,45,4,11533,497
2073786,bilba,79,14,61899,164
2074529,Pablosky,0,1,68,1079
2074692,XSilverX,79,14,78268,114
2074914,elchegevara,74,1,3506,633
2075239,TheLuxo,0,0,0,1338
2075467,Tu+Amo+y+Se%C3%B1or,18,5,29537,347
2075590,borracho,187,1,1221,783
2075711,Bleast,38,0,0,1339
2076842,rotiaa,0,1,100,1040
2077196,gemelo09,60,1,100,1041
2077224,VIPER+VIP,32,32,158926,19
2077773,Vageir,0,1,26,1185
2078371,BSR+Midas,32,8,26199,376
2078984,Hugogamez,6,0,0,1340
2079146,Jhonywalker93,0,0,0,1341
2079653,lucaceballosabugauch,0,1,77,1062
2080079,24hLean,18,5,27534,358
2080309,Sastre,0,0,0,1342
2080854,Pab10,0,1,198,982
2080999,Gterminator,54,8,43835,255
2081223,Estalion7,38,1,3521,639
2081698,kalamidad,0,7,38617,285
2081765,belloto69,0,1,26,1186
2081910,idherranz,0,1,26,1187
2081973,Theodorburg,0,1,26,1188
2082708,Falopita,27,7,20458,424
2083091,jlg13,0,1,62,1093
2083232,Naiguelk,18,14,79647,112
2083451,Pala65,18,8,53722,208
2083507,warzuk,109,10,42782,261
2083572,Tetons,193,2,8766,529
2083626,joselitoeldelacalzada,22,1,69,1077
2083788,lauta1216,32,18,72765,126
2083885,Pegaso,0,3,4474,601
2084142,-%3DZigfrid%3D-,74,3,7384,547
2084332,Maik,79,14,81595,104
2084797,cescelboix,0,1,664,855
2085111,Jonax,0,0,0,1343
2087044,cantallops,171,1,4047,616
2087047,Superfortes,0,1,1038,812
2087974,Idunno,38,6,28202,354
2088292,kracovian,219,0,0,1344
2088545,Voldemort88,0,0,0,1345
2088603,McLeod,8,12,41880,263
2088720,kimchi,38,3,15099,468
2090195,Hegoo,0,1,26,1189
2090629,niiehm,22,1,340,930
2090921,El+Barquero+de+HADES,179,1,2727,669
2090977,fireforce,45,8,52719,218
2091224,remus45,135,1,4251,606
2091936,Manyas+el+Magno,80,21,100303,72
2091946,Boryo,104,0,0,1346
2091948,Manwe,18,4,30099,341
2092837,Anonymus,45,14,61891,163
2092942,El+Cobarde+del+Condado,0,0,0,1347
2093156,Sasake,0,1,109,1032
2095032,Rakna,0,0,0,1348
2095168,salvamayor,12,0,0,1349
2095314,Medanux,220,0,0,1350
2096365,OJOS+NEGROS,0,1,1011,817
2096765,Tony06,0,1,1540,747
2097036,.+Atreides,0,1,26,1190
2097219,JesulevK,27,10,58075,184
2097777,Lord+Coton,109,11,47972,240
2097934,geniscm,20,1,4319,605
2098299,freya90,0,1,26,1191
2098302,FOlcina,2,1,2378,689
2098838,Sir+Soltero,38,5,19597,432
2098940,paparrot,13,11,73153,124
2098997,jose65,0,0,0,1351
2100260,Berberecho,27,19,124228,44
2101280,Mi%C3%B1on,0,1,26,1192
2101531,gargola82,3,1,1751,727
2102310,Kakatua,98,8,56345,197
2102750,Manchester+pity,32,14,76145,121
2103338,fity,22,2,3816,625
2103977,Ninro,0,0,0,1352
2104611,100tifika,117,1,3577,630
2105233,Muyayin,0,1,26,1193
2106101,Dracius,18,2,16304,458
2106421,Inju,74,1,4801,595
2106685,pini314,105,2,4201,609
2106805,pikeras,13,18,96591,78
2108717,chipola,12,1,1226,782
2109083,TECLADO,74,0,0,1353
2109652,pepera,0,1,3102,649
2109916,Harald+el+Despiadado,130,1,2450,682
2109969,Spook.,0,1,377,921
2110005,rikuvv,0,1,523,888
2110279,Sir+Chuces,0,1,161,993
2110378,comebabas,45,23,131728,37
2110410,jeyvix,13,32,184224,10
2110769,chachi,193,6,26508,371
2111998,HayTabla,135,1,2469,679
2112320,Travels,32,11,46587,246
2112596,Pasku2698,18,11,76575,119
2112801,Seak+loko,3,1,483,897
2113243,Bdomin,0,1,68,1080
2113353,felix750,0,1,373,922
2113497,Aduka,18,5,23262,401
2113552,LordMunra,0,1,3102,656
2113667,Where,0,1,107,1034
2113993,What%3F%3F,0,1,89,1051
2114502,henry,0,0,0,1354
2114730,%2AFENRIR%2A,89,5,10294,513
2114981,rafaperez17,18,15,106997,66
2115128,Welmejorr,0,1,848,833
2115588,B4lle,18,7,26724,365
2115680,ArNeville,74,2,2062,710
2115949,BenitoKamelas,45,17,68183,137
2116252,sisiphus2,0,1,1326,774
2116596,juanmaschez,0,1,368,923
2116604,ElPayet,0,1,26,1194
2116739,TheLopez,0,1,26,1195
2117033,josue07,0,1,3461,636
2117404,Marianotax,0,1,2100,707
2117545,Irene,6,1,848,834
2117706,Maicolito,79,9,56922,193
2117739,Dr+orta,6,0,0,1355
2118135,Fajardoo,80,7,31155,326
2118197,berrero,105,3,7705,544
2118605,Baldomero,20,7,19891,427
2119590,rigoreau,73,1,26,1196
2119727,PEKEPOTAMO,0,1,699,850
2120164,goninho7,18,5,24765,391
2120943,Error+404,74,3,18676,438
2120986,Ravi,14,1,2027,713
2121004,Parchis,197,4,14376,471
2121049,Bravo+III,14,0,0,1356
2121172,kungfundido,0,1,154,1000
2121243,Muzan,0,1,1152,790
2121745,julio1010,171,1,5160,582
2121884,Khiros,0,1,31,1140
2121943,LekoXx,0,1,56,1103
2122269,lenttt,27,20,141574,26
2122920,Lady+Salamandra,0,0,0,1357
2123065,ElMagoBK,27,5,28996,352
2123292,moonsitu,80,10,52905,214
2123325,HP1989,135,1,2109,706
2123937,samuel+007,0,1,26,1197
2124115,COPITO+DE+NIEVE+2,165,1,1827,724
2124292,nkowrld,0,1,107,1035
2124293,kaidgg,0,1,39,1132
2124339,Tuken,0,1,6048,568
2124403,Paintball,45,13,61538,165
2124681,nandux93,98,12,49491,232
2124735,jonicortes,79,3,12732,485
2124782,Martinube,0,0,0,1358
2124812,kingochos,0,0,0,1359
2124816,Ptahshepses,14,0,0,1360
2124883,nistamore,0,1,445,904
2124912,Alexis1517,0,0,0,1361
2125070,alexhina,0,0,0,1362
2125171,junis,89,4,18075,445
2125437,Drael,0,1,436,907
2125883,moticuco94,74,1,9502,524
2125887,frantic23,0,1,49,1108
2126048,M+A+T+C+H+A,32,43,168666,17
2126119,peran20,45,10,50011,230
2126186,Rafumao666,80,7,35446,298
2126746,PitbullMonsterPT,0,1,49,1109
2126894,Totoroplus,171,2,3699,628
2126990,EleCtrA,13,11,57001,192
2127452,Kokelo,0,1,130,1013
2127518,Askeladd11,22,1,209,975
2127652,CfluviAA,135,1,80,1059
2127679,MiniGan,0,0,0,1363
2127978,KanO,80,19,113516,56
2128103,Suite-Pee%2A,0,1,46,1122
2128231,Radenn,227,1,26,1198
2128440,Dvglassivs,135,0,0,1364
2128900,maniac1,45,9,47489,243
2129085,Herudaedin,0,1,26,1199
2129178,Free,0,0,0,1365
2129190,Apeirophobia,45,31,171378,14
2129207,Korinloghan-RENACIDO,0,1,68,1081
2129677,maquina2525,0,0,0,1366
2129732,Redinton,0,1,26,1200
2129889,leyy,0,1,274,950
2129923,Danukis,39,0,0,1367
2130313,Samutmt10,79,20,58990,178
2130355,cbum88,0,1,49,1110
2130473,danyel,0,1,3356,644
2131015,Cardoso,64,2,8056,537
2131314,Cadizbcn,3,1,509,892
2131331,javivalvieja6,0,0,0,1368
2131441,loord+trip,171,2,4790,596
2131448,Tribalito,0,1,1457,758
2131628,SERGIORO,3,1,556,882
2131767,MaximoRR,219,1,276,949
2131930,Peones,0,1,1202,787
2132317,lord+coco,0,0,0,1369
2132363,joao+alves,45,32,191488,8
2132703,javiviton,45,5,23096,403
2132944,moyete,0,1,72,1070
2133014,el.risi,0,0,0,1370
2133061,Se%C3%B1or+ELTITAN,109,2,9913,517
2133112,Se%C3%B1or+SheriffJPG33,18,4,17349,448
2133216,jarabinho,80,21,94833,82
2133373,Porrolho,89,12,77861,116
2133409,Titor,0,1,26,1201
2133468,terrateniente,0,1,33,1138
2133518,MECOMOUNA,197,3,4213,608
2133866,satrape22,175,1,1397,764
2133988,el+eme,0,1,267,953
2134023,Lukray,175,2,3081,650
2134286,Mamahuevaso,1,1,26,1202
2134384,Liquidaci%C3%B3n+Julupe,0,1,26,1203
2134627,ragnar01,0,1,26,1204
2134821,Pruden.90,0,1,26,1205
2135057,Argentum,16,0,0,1371
2135237,gottico,0,1,1369,769
2135381,Maga,12,1,546,884
2135470,Hush33,3,1,2801,663
2135634,enrive,0,0,0,1372
2135804,Blazker+Is+Back,0,0,0,1373
2135867,Pallete,13,10,48190,237
2135873,TIBURON+BLANCO,0,0,0,1374
2135878,foforofo,38,11,59317,177
2135937,Coet,0,1,203,980
2135995,canono,99,1,905,828
2136006,Arnau+96,0,0,0,1375
2136021,Iv%C3%A1n+Galicia,0,1,76,1063
2136214,1899FCB,27,20,98575,74
2136272,helloda,0,1,36,1137
2136273,P4scu84,20,3,9806,520
2136315,Daga,20,1,1128,795
2136333,blas1,60,0,0,1376
2136430,adexe90,226,0,0,1377
2136594,Soygroot,0,1,786,842
2136658,Rumi,60,3,10928,506
2136699,rasec96,22,1,528,887
2136708,Fossi+el+Bret%C3%B3n,20,1,5886,569
2136903,KuminArt,0,1,59,1098
2137113,xvr6,2,1,102,1038
2137132,Zintzo,18,3,18192,444
2137186,Ramses2015,221,1,4816,594
2137280,Se%C3%B1orLibra,0,1,46,1123
2137449,SanchonGB+2.0,1,1,2783,665
2137641,madonel,0,0,0,1378
2137642,bardaght,0,0,0,1379
2137815,parca,202,1,26,1206
2138484,1447,64,2,4872,591
2138682,Ricardo+1619,239,1,231,972
2138771,alvaro,0,1,26,1207
2139121,Fernandex,222,1,72,1071
2139142,segiorem,8,5,25481,384
2139741,Egeso,22,1,798,840
2139794,Kurtu,0,1,127,1016
2139864,Zincker,0,0,0,1380
2139905,sastiza007,0,1,230,967
2140136,Irah+Nodles,2,0,0,1381
2140286,ASC94,73,0,0,1382
2140423,Pistach1996m,0,1,114,1024
2140481,Sil.,173,1,2290,694
2140623,TrueLines,237,1,113,1030
2140679,St+Aniol,0,1,26,1208
2140980,ZODIAK+73,22,1,3511,632
2141470,Ansav,0,1,26,1209
2141487,TeoRueda,0,1,110,1031
2141578,eeeloy,228,1,700,849
2141761,Mokte,0,1,442,905
2141769,Contrase%C3%B1as,0,1,38,1135
2141813,XXpoleas,18,8,40156,277
2141920,Demente,45,9,55935,198
2142037,DonPatch10,32,10,63096,156
2142088,Abiel13,45,7,30341,335
2142229,KAWS,80,7,26257,375
2142247,enricm19,80,9,28717,353
2142309,Andr%C3%B3meda,232,4,12019,492
2142653,RamonW99,171,1,841,835
2142802,javi-jvr,22,1,1479,755
2143367,Olf0rt,80,7,25770,379
2143715,anibal,22,1,99,1044
2143932,Aquiles,13,11,77888,115
2144292,Pedgaro,80,18,97234,77
2144405,elrepartidor,0,1,6157,567
2144474,Daphnee,80,37,196613,7
2144766,GuerraMario,0,1,26,1210
2145156,Juancha,2,0,0,1383
2145267,kaidosan15,32,9,66774,144
2145316,FOCAPUMPUM,32,10,39348,281
2145441,Mico78,0,1,1502,751
2145561,c0nt4ct,32,11,57251,190
2145582,Caesar,32,12,56788,196
2145649,OZAKIS,0,1,365,924
2168803,Rey+Pollito+de+Troya,0,1,144,1004
2170746,lorelore92,18,7,31381,323
2170748,Jorrell,32,17,86269,93
2170937,Diegmaster,80,6,40238,274
2171024,Markus23,0,0,0,1384
2171277,LamCor,0,0,0,1385
2171287,ZEUS1980,170,1,145,1003
2171434,Sunshiner,0,1,1162,789
2171487,idjas,12,1,2212,701
2171866,Luis+Solhein,46,1,26,1211
2171938,Arshex,0,1,113,1025
2171983,sintraxy,117,1,4177,610
2172107,WebOo,104,0,0,1386
2172216,Nuitari,18,6,30905,329
2172493,Ezemen,0,0,0,1387
2172521,PabloNoise,0,1,268,952
2172610,kaotiko22,0,1,1250,779
2172761,1msc,98,7,29390,350
2172838,Lucian,98,10,33590,313
2173040,nortamort28,171,1,584,875
2173071,CS-bl33ssz,0,1,91,1050
2173075,theoneseus,158,0,0,1388
2173272,Cincro22,0,1,159,996
2173364,yonkone,20,6,25414,386
2173373,arklyb,0,1,101,1039
2173392,bertosss,232,0,0,1389
2173471,DavidoffE1.0,18,4,19798,429
2173736,javivi,20,2,5868,570
2173766,Hunaku,18,6,48237,238
2173782,yoelbulo,0,0,0,1390
2173804,smokee,54,6,25599,382
2173851,XMiniyooX,98,12,59389,176
2173871,crus06,89,6,24331,393
2174085,rorro,0,1,48,1114
2174184,DiegoSB77,0,1,26,1212
2174198,Speakeer,232,0,0,1391
2174202,Mauri,45,14,50893,224
2174305,Justicia+Final,41,1,487,896
2174446,Dishito,98,6,30496,332
2174472,GNOMOS39,18,5,23884,397
2174799,Pitiflauty,20,1,6842,552
2174871,RGR10,22,0,0,1392
2174904,Chambon,45,6,27398,362
2174905,Alvarocnk92,20,9,47566,241
2174932,piecitos25,13,8,41340,267
2174990,Jaen+Saucedo,0,1,116,1021
2175064,BioreNaKlate,226,1,57,1101
2175100,rick1,91,1,452,902
2175103,asdmlody100,226,0,0,1393
2175147,Dart,0,1,100,1042
2175160,Wiflyago,74,5,20503,421
2175162,papuchi,74,3,7844,539
2175174,xinaco,18,4,14209,473
2175224,the+konquistador,0,1,165,990
2175236,Egmont,18,9,29878,343
2175357,Soracai1,54,6,26958,363
2175393,Arcane+Asunder,20,7,31143,325
2175532,Darthvaeder,89,2,6284,563
2175542,Taavo,54,8,29834,345
2175570,TexX,109,7,32084,320
2175590,REDWALDA,0,1,48,1115
2175666,REY+NAZGUL,80,10,58967,179
2175784,joosee1901,105,1,1691,731
2175878,Juniors87,0,1,2270,697
2176008,Lilari,20,7,38878,284
2176012,Naiara+maria,0,1,169,989
2176055,Variezgros,3,1,621,867
2176068,Lady+Ginebra,14,1,1294,776
2176091,jacc0405,0,0,0,1394
2176099,CidCampeador,0,1,111,1028
2176237,gibra,0,0,0,1395
2176243,Sa%C3%BAlconquistador,0,3,6959,551
2176348,Zara+Home,18,2,14176,474
2176379,Trufo,171,1,421,911
2176383,Moacho,0,0,0,1396
2176425,Breachusco,12,1,4228,607
2176564,Richard44,41,1,916,826
2176588,Oscarj,193,3,15264,465
2176589,sisqui,193,7,30929,328
2176594,Sr+de+los+anillos,41,1,1668,733
2176612,Bestfriend,0,1,75,1064
2176643,Marcelobal,20,1,2970,658
2176663,Armisen,0,0,0,1397
2176668,ulises2587,0,1,26,1213
2176673,Placeres91,0,1,26,1214
2176707,Reberlin,12,2,7710,543
2176735,ishbal89,22,1,1645,735
2176788,SICART,12,1,1349,772
2176830,Lysithea,22,1,2737,668
2176997,Wikkypedia-tra,22,1,1213,786
2177055,BOT+Ferchu,135,1,2557,676
2177068,Leclercs,0,1,26,1215
2177102,tntpy,20,5,27387,360
2177104,System32,20,10,33103,318
2177105,gallego94,20,8,20476,423
2177122,Olivermdc,12,2,5099,583
2177144,javiiperez,0,1,299,940
2177147,luisinho93,0,1,112,1026
2177166,anto9624,0,1,688,853
2177245,AlexanderTheMeh,0,0,0,1398
2177352,emmeny,109,17,91498,86
2177379,galakrisna,12,1,1471,757
2177394,LORD+PETRO,0,0,0,1399
2177554,Mofitex,13,25,139097,31
2177595,EVETEO,0,0,0,1400
2177616,RIO912,179,1,4323,604
2177629,bobocoloco,105,2,9663,521
2177634,diegomp,0,1,1568,746
2177662,flait31,0,2,4100,615
2177737,acustico,0,1,3476,635
2177746,-+Hi+Shin+-,0,1,26,1216
2177755,Pitada,0,1,26,1217
2177759,maxbaires,209,1,1490,752
2177772,dip7,0,1,26,1218
2177773,apfe,12,1,1452,760
2177785,Guerreiro,64,2,9527,523
2177794,Vixtor,109,7,37796,288
2177802,Ulian,140,0,0,1401
2177807,V+O+L+D+E+M+O+R+T,89,9,25188,389
2177812,Lord+Valknut,64,1,3010,655
2177829,Sirking,89,3,9376,525
2177851,Jdmisere,0,1,291,944
2177875,torcuato,0,1,3282,642
2177914,Dylan,0,1,563,880
2177918,Marcelinhoggg,64,2,3957,617
2177922,Oprimus+Prime,89,5,20481,422
2177975,Niko+Bellic,79,10,44580,254
2178065,Lil+Bottle,14,0,0,1402
2178111,Norcord2693,171,1,555,883
2178167,Jaime.morales,158,1,277,948
2178174,Buzatto,0,1,26,1219
2178235,AGUSTINSHITO,0,1,63,1089
2178266,Materia69,0,1,1042,809
2178289,Sesto+sento,89,5,20313,425
2178341,KinDerMaN,0,1,26,1220
2178355,santi3751,0,0,0,1403
2178392,Nashball,226,0,0,1404
2178434,Moflex,0,0,0,1405
2178447,Dicentrarchus+Labrax,0,1,533,885
2178491,POLLOLOKO1710,0,1,187,984
2178539,Se%C3%B1or+CaballitoDePalo,0,1,26,1221
2178617,CrAzY+WaKaFlaX,89,12,91876,85
2178628,pr3j,89,5,22662,407
2178640,BRASIL,89,6,34106,309
2178647,DocKa,89,28,152653,22
2178649,Joao+Pedro+Caixeta,89,5,9793,518
2178659,War-Sir,89,3,11919,493
2178662,fodix123,89,6,22042,413
2178669,BigBossBR,89,8,40209,275
2178680,DrKGuii,89,3,11153,503
2178733,ELPOLO,14,1,26,1222
2178763,jessicaa,0,1,26,1223
2178777,BoyRebelde,89,6,28240,355
2178782,tu.vaquis.sexy,193,3,7968,538
2178785,LAUBENSON+STARK,109,17,93119,84
2178788,wendley7,0,1,8930,528
2178811,FUNEBRERO,0,1,26,1224
2178830,MAROMBA,89,3,13877,476
2178872,R1elit0,109,9,51807,221
2178916,Vene,235,0,0,1406
2178925,lord+dos+anjos,89,11,30890,330
2178934,EskaBrunko,0,1,63,1090
2178953,lissant,0,0,0,1407
2179004,fabroxman,197,1,1092,803
2179029,CatBerryVT,54,6,25550,383
2179030,diegoncre,98,4,19524,434
2179031,dwight,0,1,26,1225
2179035,LaBestiaTribal,0,1,26,1226
2179036,elkety,0,1,68,1082
2179037,GeminisSaga,218,1,3900,622
2179045,Erikus,98,2,15209,467
2179064,Samu22,0,1,30,1142
2179151,-edium-,0,0,0,1408
2179156,Univers.,79,10,58106,185
2179169,Rodrigo96,0,0,0,1409
2179187,Kamali200215,0,0,0,1410
2179275,Ditalco,0,0,0,1411
2179288,brumapixel,0,1,26,1227
2179300,Zaraki+Kenpachi,68,0,0,1412
2179346,LoSientoWilson,68,0,0,1413
2179354,rafa+gallo,8,4,17585,447
2179366,Coyan,45,11,66025,146
2179376,kingroma,0,1,397,917
2179384,Alexandria+eagle,68,0,0,1414
2179399,MaGaMe72,12,1,2446,683
2179413,From,3,1,2727,670
2179431,shurche88,0,1,295,942
2179433,Righoxx,0,1,1918,722
2179436,dvdgm93,0,1,1006,818
2179438,0+iq+rat,79,12,56809,194
2179461,Raizo+Rain,0,1,1405,763
2179465,Makelele+2,193,8,40152,276
2179466,LOKI115,193,5,20123,426
2179483,Maximiliatis,0,0,0,1415
2179487,RoulRed,193,5,29736,417
2179488,Visigodos,22,1,4383,603
2179509,germinat0r,0,0,0,1416
2179510,VeniVidiVici,109,16,118869,52
2179511,Baneofbilbao,0,0,0,1417
2179516,Shev,98,10,41986,262
2179523,N4n1s3,45,35,171404,15
2179524,Kais+montana,193,2,10091,515
2179525,xXpinnogXx,0,0,0,1418
2179550,Top+Garen,0,1,66,1086
2179557,Karpincho,38,4,13805,478
2179558,Lv+Janissary,68,1,26,1228
2179564,NuZeu,79,9,37866,287
2179565,DeeNa,219,0,0,1419
2179568,Murlo13,32,19,108745,64
2179584,The+Architect.,0,1,1932,721
2179593,Szermet+Legiunia,226,0,0,1420
2179605,Niespodzianka,8,22,131448,38
2179606,Radziecki,8,24,119616,51
2179609,Dziki,8,1,1109,797
2179612,Xaviersp91,0,1,530,886
2179627,Hotweels,8,8,40342,273
2179636,tin4t,8,6,30961,327
2179637,Archimidades,8,1,8623,530
2179672,Priorw3,89,2,5017,585
2179682,O+Protetor,0,1,75,1065
2179684,saLt+tK,27,12,93718,83
2179685,SuperVegeto,98,4,17374,449
2179687,ThePixOne,230,6,19773,431
2179693,clan+juan,0,1,322,933
2179745,RodolfoR,89,5,27736,356
2179749,Helioshatrum,207,2,3863,623
2179769,AramBuru,74,4,14353,470
2179784,Drogon,0,1,26,1229
2179786,maralex,89,4,13855,477
2179802,AndresdRoli,79,20,102892,68
2179807,AORISTO,207,1,60,1096
2179808,%2A+SaLGoLYoZ+BuBu+%2A,73,0,0,1421
2179814,parcevall,68,0,0,1422
2179816,nido+de+aguila,68,1,210,974
2179817,MuE.,68,0,0,1423
2179819,SAKAO,68,0,0,1424
2179824,PeGaSuS,68,0,0,1425
2179827,Fudriarcas,89,4,25541,385
2179828,Sukuka,79,13,67747,139
2179831,Z+E+R+O+.,45,22,120253,48
2179832,ChutaPulga,64,2,5846,571
2179837,indiovey,89,3,14943,469
2179838,Freaking,79,15,87122,91
2179840,Imback,0,0,0,1426
2179844,The+Magician,68,0,0,1427
2179847,Alzai,18,12,53094,213
2179851,Wilm4,89,9,29203,351
2179853,%2AMatador,68,0,0,1428
2179858,KURTLARLA+DANS,68,0,0,1429
2179868,LowerStreet,79,15,76970,118
2179870,Dazer,45,23,145384,24
2179873,Metedro,68,1,26,1230
2179875,Bartosz,8,7,40775,271
2179877,Bilge+Kagan,68,0,0,1430
2179885,BestiaDelDocke,109,5,18793,439
2179890,OsgOod,0,0,0,1431
2179904,Codesido,0,1,1507,748
2179928,joelbot,79,11,57333,191
2179936,lord+j,38,1,8246,533
2179937,Portimireinalasangredar,215,1,1635,737
2179938,oxygene,80,12,58427,182
2179943,Slidy,8,17,112134,59
2179945,Huta,226,1,7723,541
2179946,Finarfin%2A,68,0,0,1432
2179954,typhoon7,8,17,128273,40
2179957,Zadza,8,10,80742,107
2179966,Lewiski,8,6,39308,282
2179969,Filip,8,8,18893,437
2179975,guadacasca,45,8,25930,378
2179977,gabrielvila1,64,0,0,1433
2179984,Joh301,64,3,10035,516
2179986,Emp.+Niguera,89,3,12878,483
2179989,NeMm,38,4,22931,404
2179992,fabinho080,89,5,13763,479
2179994,RachelMoon,39,1,996,819
2179996,Batory,8,12,82388,102
2179997,Stef08,0,0,0,1434
2180005,.LeFou,45,38,220154,4
2180019,TopGT,208,1,1103,799
2180027,Invitado180027,236,1,663,856
2180036,Sghembere1,0,0,0,1435
2180039,King+Nik,0,1,638,861
2180041,frascati,235,0,0,1436
2180055,Mastersam,89,4,9544,522
2180057,Wojna,8,21,136786,33
2180062,Zab%C3%B3jca,79,7,27586,357
2180063,Kutuzov,8,12,65221,148
2180070,Dama+Do+Escudo,89,1,3865,621
2180082,Darmapiotra,226,1,953,821
2180085,lPedro,89,13,87485,90
2180102,-Insane+Beast.,89,21,120064,49
2180105,matak,32,12,64526,151
2180106,NoNames,0,0,0,1437
2180112,numeros,117,3,5761,573
2180122,argocu,68,0,0,1438
2180125,Negreira,117,1,1505,750
2180133,Creaviudas,45,12,80284,109
2180139,Banwiner,8,9,63287,155
2180153,TheRedFlag,0,1,53,1105
2180159,lj2026,0,1,558,881
2180160,Bache,193,3,8107,536
2180194,kurcha,54,2,11761,495
2180201,Ragnar+Lothbrotk,54,2,11475,499
2180204,Paintcount,0,1,26,1231
2180211,DontCry,8,9,48966,235
2180219,Monte,0,1,70,1074
2180246,cachopo40,13,27,126863,41
2180249,ibrabeas14,80,9,41000,269
2180253,rih1,18,1,1791,726
2180271,Kari,117,1,285,946
2180284,Invitado180284,0,1,305,935
2180326,ylaida,54,6,46510,247
2180333,Olimpo20,215,6,16613,451
2180342,Farlopitecus,0,1,1997,716
2180358,El-Ema-22,0,1,1864,723
2180367,Rickusa,89,6,18621,440
2180393,Hugon2,0,1,431,908
2180396,astronautasubmarino,0,0,0,1439
2180407,YosoyVini,0,1,8170,535
2180410,Killua+Zoldyck,27,17,107963,65
2180425,GRAVESEN,0,0,0,1440
2180455,Armekhan,0,1,523,889
2180456,Finamore12345,0,1,26,1232
2180461,Ra%C3%BAl+80,231,1,2013,715
2180480,Se%C3%B1or+Belmont,0,1,59,1099
2180485,infernoX,8,3,14253,472
2180493,MasterPollo19,212,0,0,1441
2180620,Fakkrr%C3%AD,12,1,795,841
2180626,Fakle,3,1,514,891
2180629,Mihai,171,1,2549,677
2180630,kungfundidoo,0,1,26,1233
2180632,The+Dark+Knight,98,5,11417,500
2180640,DaviiddM,38,2,4954,587
2180642,Loco33,187,1,807,838
2180658,Eustaquio,0,0,0,1442
2180679,TordilloNegro,0,1,3079,651
2180721,Altaeljefe,0,1,94,1046
2180728,fakus18,0,1,26,1234
2180732,LORDFaliyo,0,1,3234,645
2180749,Bumix,0,1,201,981
2180765,gazte05,12,2,2882,659
2180768,toniik,0,1,105,1037
2180777,Khalilr42,0,0,0,1443
2180785,atomufka,226,0,0,1444
2180800,band,0,0,0,1445
2180802,DsWShaka,0,1,112,1027
2180803,Sapere+Aude,0,1,38,1136
2180821,Piti6,0,1,60,1097
2180824,dpons27,0,1,50,1107
2180827,Sophen,0,0,0,1446
2180828,Kanghi,0,0,0,1447
2180829,paulatinamente,38,4,12338,489
2180834,minato69,0,0,0,1448
2180835,xcd96,12,2,6828,553
2180847,Antonfd41,0,1,26,1235
2180861,Kenfrade,0,0,0,1449
2180889,%2AA%C3%87UCAR%2A,0,1,93,1047
2180938,-%3D+MACAN+ATAK+%3D-,8,1,6268,564
2180980,Lalon+ganiza,215,4,16688,450
2180984,Valent%C3%ADn,0,1,26,1236
2180999,Tumorenito19,0,1,63,1091
2181000,laid+x+Never+Lucky,226,2,7072,550
2181023,Yavanna,0,1,227,969
2181034,Wyllie+el+tuerto,18,2,5654,574
2181054,Los+Panka,0,1,89,1052
2181069,Mendrugo,0,1,26,1237
2181095,nanoman,0,1,305,936
2181097,JackSinManos,18,5,19251,436
2181102,W4LK3R101,38,1,403,915
2181135,Ferchotre,0,1,161,994
2181140,nu%C3%B1o,228,1,175,988
2181142,LoloConnan,228,1,128,1015
2181143,Inquisitor,228,1,252,960
2181145,Chenel,228,1,119,1019
2181146,gerbango02,0,1,386,919
2181175,Netkuiper,207,1,340,931
2181182,Rey+Warzick,0,1,2467,687
2181186,alecorra12,0,1,68,1083
2181195,Iron+Norks,0,1,26,1238
2181197,PinkFluffy,0,1,49,1111
2181198,EL+Experimento,0,1,126,1017
2181199,Landersa,0,1,258,958
2181201,Eddy,0,1,26,1239
2181209,Super+Saiyan+6,0,1,359,927
2181217,Meres,197,1,2167,703
2181225,Gregoff,0,1,68,1084
2181226,Ferrogan,0,1,125,1018
2181227,killianmbape,0,1,68,1085
2181228,jesuitasop,0,1,48,1116
2181229,kakasxdddd,0,1,45,1126
2181230,badskuny1,0,1,42,1130
2181243,jrmarfia,0,1,26,1240
2181249,Tivibordon,229,1,346,928
2181250,ampelmann,0,1,26,1241
2181251,paloma,0,1,58,1100
2181276,LeoM,0,1,48,1117
2181283,Biweland,0,1,304,937
2181284,Enemigo+del+Mundo,0,1,26,1242
2181289,.Keroseno.,38,1,939,824
2181305,Luisin+Asturias,0,1,81,1102
2181317,SirAgust17,0,1,26,1243
2181327,BoringQubit,0,1,249,962
2181328,Martinlapedra,208,1,630,864
2181338,Aldair,0,1,116,1022
2181345,Wladyslaw,8,1,1387,767
2181346,basic96,0,1,46,1124
2181427,Rey+Jules,0,1,26,1244
